9 689.257202 -308.658325 -79.875000 0.000000 213.000000 360.000000 0.000000 0.000000 1.000000 0.000000 213.000000 1.000000
15 695.304565 -27.193351 -80.875000 0.000000 494.000000 360.000000 0.000000 0.000000 1.000000 0.000000 494.000000 1.000000
10 708.013122 -804.458923 84.125000 0.000000 218.000000 360.000000 0.000000 0.000000 1.000000 0.000000 218.000000 1.000000
10 866.175476 -555.208312 -75.875000 0.000000 278.000000 360.000000 0.000000 0.000000 1.000000 0.000000 278.000000 1.000000
12 992.000000 -32.000000 -82.875000 0.000000 0.000000 0.000000 0.000000 0.000000 1.000000 0.000000 0.000000 0.000000
14 992.000000 -128.000000 -88.875000 0.000000 0.000000 0.000000 0.000000 0.000000 1.000000 0.000000 0.000000 0.000000
1 -1248.000000 864.000000 -16.875000 0.000000 180.000000 0.000000 0.000000 0.000000 1.000000 0.000000 180.000000 0.000000
2 -723.490539 238.521255 15.125001 0.000000 227.000000 360.000000 0.000000 0.000000 1.000000 0.000000 227.000000 1.000000
3 -640.000000 896.000000 -24.121162 0.000000 0.000000 0.000000 0.000000 0.242535 0.970142 0.000000 0.000000 0.000000
4 -473.829406 935.086914 -38.892890 0.000000 400.000000 360.000000 0.000000 0.242535 0.970142 0.000000 400.000000 1.000000
4 -654.409362 498.845458 15.125000 0.000000 519.000000 360.000000 0.000000 0.000000 1.000000 0.000000 519.000000 1.000000
4 -1219.571899 443.946166 15.125000 0.000000 534.000000 360.000000 0.000000 0.000000 1.000000 0.000000 534.000000 1.000000
4 -1152.000000 608.000000 15.125000 0.000000 0.000000 0.000000 0.000000 0.000000 1.000000 0.000000 0.000000 0.000000
10 757.998046 -318.397827 -75.875000 0.000000 240.000000 360.000000 0.000000 0.000000 1.000000 0.000000 240.000000 1.000000
9 789.823974 -33.704154 -91.875000 0.000000 503.000000 360.000000 0.000000 0.000000 1.000000 0.000000 503.000000 1.000000
10 760.782226 -253.808532 -75.875000 0.000000 224.000000 360.000000 0.000000 0.000000 1.000000 0.000000 224.000000 1.000000
10 683.946655 -235.534362 -75.875000 0.000000 225.000000 360.000000 0.000000 0.000000 1.000000 0.000000 225.000000 1.000000
10 675.576843 -156.684783 -75.875000 0.000000 539.000000 360.000000 0.000000 0.000000 1.000000 0.000000 539.000000 1.000000
10 921.055480 -21.644275 -75.875000 0.000000 430.000000 360.000000 0.000000 0.000000 1.000000 0.000000 430.000000 1.000000
10 861.382080 -20.076122 -75.875000 0.000000 461.000000 360.000000 0.000000 0.000000 1.000000 0.000000 461.000000 1.000000
10 740.516174 -106.913848 -75.875000 0.000000 502.000000 360.000000 0.000000 0.000000 1.000000 0.000000 502.000000 1.000000
10 1024.234008 -203.451004 -75.875000 0.000000 388.000000 360.000000 0.000000 0.000000 1.000000 0.000000 388.000000 1.000000
10 797.752014 -689.720520 -75.875000 0.000000 236.000000 360.000000 0.000000 0.000000 1.000000 0.000000 236.000000 1.000000
10 985.084228 -452.396789 -75.875000 0.000000 344.000000 360.000000 0.000000 0.000000 1.000000 0.000000 344.000000 1.000000
10 866.414123 -823.242126 84.125000 0.000000 295.000000 360.000000 0.000000 0.000000 1.000000 0.000000 295.000000 1.000000
1 -524.814575 892.104248 164.967025 0.000000 431.000000 360.000000 0.015510 -0.223522 0.974575 0.000000 431.000000 1.000000
4 -733.159057 881.902221 154.502197 0.000000 194.000000 360.000000 -0.068023 -0.000337 0.997683 0.000000 194.000000 1.000000
4 -609.695251 850.703369 156.822509 0.000000 338.000000 360.000000 0.015510 -0.223522 0.974575 0.000000 338.000000 1.000000
4 -478.584930 837.902282 151.799835 0.000000 336.000000 360.000000 0.015510 -0.223522 0.974575 0.000000 336.000000 1.000000
4 -710.352966 933.706176 -38.547710 0.000000 462.000000 360.000000 0.000000 0.242535 0.970142 0.000000 462.000000 1.000000
3 -754.009643 324.895507 15.125001 0.000000 253.000000 360.000000 0.000000 0.000000 1.000000 0.000000 253.000000 1.000000
4 -663.049316 196.930618 15.125000 0.000000 244.000000 360.000000 0.000000 0.000000 1.000000 0.000000 244.000000 1.000000
3 -675.274719 322.245819 15.125001 0.000000 249.000000 360.000000 0.000000 0.000000 1.000000 0.000000 249.000000 1.000000
3 -604.800048 324.667663 15.548132 0.000000 252.000000 360.000000 -0.176090 0.440225 0.880450 0.000000 252.000000 1.000000
4 -594.352966 568.454284 15.125000 0.000000 495.000000 360.000000 0.000000 0.000000 1.000000 0.000000 495.000000 1.000000
3 -684.351562 742.094909 14.355110 0.000000 189.000000 360.000000 0.000000 0.242535 0.970142 0.000000 189.000000 1.000000
3 -823.693481 668.731201 55.125000 0.000000 528.000000 360.000000 0.000000 0.000000 1.000000 0.000000 528.000000 1.000000
4 -724.086425 639.288513 15.125000 0.000000 534.000000 360.000000 0.000000 0.000000 1.000000 0.000000 534.000000 1.000000
4 -1190.010009 391.834503 15.125000 0.000000 190.000000 360.000000 0.000000 0.000000 1.000000 0.000000 190.000000 1.000000
4 -1198.625488 353.310852 21.984338 0.000000 198.000000 360.000000 0.000000 0.447213 0.894427 0.000000 198.000000 1.000000
4 -1182.556030 765.729370 7.775070 0.000000 197.000000 360.000000 0.000000 0.447213 0.894427 0.000000 197.000000 1.000000
4 -1273.215698 797.156005 -7.938256 0.000000 201.000000 360.000000 0.000000 0.447213 0.894427 0.000000 201.000000 1.000000
4 -1163.671997 830.299377 -16.875000 0.000000 209.000000 360.000000 0.000000 0.000000 1.000000 0.000000 209.000000 1.000000
4 -711.253662 498.975067 15.125000 0.000000 378.000000 360.000000 0.000000 0.000000 1.000000 0.000000 378.000000 1.000000
3 -802.206542 497.841888 15.125001 0.000000 362.000000 360.000000 0.000000 0.000000 1.000000 0.000000 362.000000 1.000000
4 -1438.431396 371.345916 15.125000 0.000000 240.000000 360.000000 0.000000 0.000000 1.000000 0.000000 240.000000 1.000000
4 -1407.944335 691.304992 15.125000 0.000000 449.000000 360.000000 0.000000 0.000000 1.000000 0.000000 449.000000 1.000000
1 -378.877929 -1107.448364 543.125000 0.000000 281.000000 360.000000 0.000000 0.000000 1.000000 0.000000 281.000000 1.000000
3 -395.228271 -996.702514 543.125000 0.000000 268.000000 360.000000 0.000000 0.000000 1.000000 0.000000 268.000000 1.000000
3 -1110.700195 788.266906 6.506302 0.000000 520.000000 360.000000 0.000000 0.447213 0.894427 0.000000 520.000000 1.000000
1 -704.000000 672.000000 15.125000 0.000000 180.000000 0.000000 0.000000 0.000000 1.000000 0.000000 180.000000 0.000000
