0 2394.000000 -135.000000 -48.000000 1 24 28 26 29 1 5000 0
1 2354.000000 159.000000 15.000000 0 2 1200 1200 1200 1 5000 0
2 1705.000000 217.000000 15.000000 1 3 55 1200 1200 1 5000 0
3 1295.000000 135.000000 15.000000 2 4 30 55 1200 1 5000 0
4 713.000000 155.000000 15.000000 3 5 1200 1200 1200 1 5000 0
5 664.000000 879.000000 15.000000 4 6 1200 1200 1200 1 5000 0
6 194.000000 841.000000 15.000000 5 7 1200 1200 1200 1 8000 0
7 139.000000 -329.000000 15.000000 6 8 1200 1200 1200 1 8000 0
8 -352.000000 -331.000000 24.000000 31 7 68 1200 1200 1 5000 0
9 -697.000000 -346.000000 24.000000 64 27 12 68 1200 1 5000 0
10 -845.000000 277.000000 24.000000 11 65 1200 1200 1200 1 5000 0
11 -469.000000 201.000000 24.000000 10 1200 31 1200 1200 1 5000 0
12 -705.000000 -914.000000 24.000000 13 9 70 87 1200 1 5000 0
13 -715.000000 -1208.000000 24.000000 12 14 32 1200 1200 1 5000 0
14 -706.000000 -2023.000000 -55.000000 13 15 33 1200 1200 1 5000 0
15 -555.000000 -2115.000000 -55.000000 14 16 40 1200 1200 1 5000 0
16 -112.000000 -1909.000000 -55.000000 15 17 40 1200 1200 1 5000 0
17 -235.000000 -1088.000000 24.000000 16 73 1200 1200 1200 1 5000 0
18 368.000000 -1166.000000 24.000000 73 19 1200 1200 1200 1 5000 0
19 1114.000000 -877.000000 24.000000 18 20 1200 1200 1200 1 5000 0
20 1756.000000 -976.000000 24.000000 19 21 1200 1200 1200 1 5000 0
21 2215.000000 -1168.000000 24.000000 20 22 1200 1200 1200 1 5000 0
22 2493.000000 -915.000000 24.000000 21 23 26 86 1200 1 5000 0
23 2443.000000 -541.000000 -39.000000 22 26 28 1200 1200 1 5000 0
24 2604.000000 -18.000000 -48.000000 0 25 1200 1200 1200 1 5000 0
25 2804.000000 70.000000 -48.000000 24 1200 1200 1200 1200 1 5000 0
26 2414.000000 -281.000000 -48.000000 23 22 0 1200 1200 1 5000 0
27 -562.000000 -192.000000 24.000000 9 31 66 68 1200 1 5000 0
28 2816.000000 -303.000000 -48.000000 23 0 1200 1200 1200 1 5000 0
29 2020.000000 -100.000000 -48.000000 0 30 47 72 1200 1 5000 0
30 1948.000000 292.000000 15.000000 29 3 1200 1200 1200 1 5000 0
31 -432.000000 -145.000000 24.000000 11 27 8 61 1200 1 5000 0
32 -687.000000 -641.000000 24.000000 13 1200 1200 1200 1200 1 5000 0
33 -702.000000 -2378.000000 -55.000000 14 34 1200 1200 1200 1 5000 0
34 -341.000000 -2355.000000 -55.000000 33 36 35 41 1200 1 5000 0
35 -155.000000 -2508.000000 -55.000000 34 41 44 1200 1200 1 5000 0
36 22.000000 -2381.000000 -55.000000 34 37 44 1200 1200 1 5000 0
37 454.000000 -2380.000000 -55.000000 36 38 1200 1200 1200 1 5000 0
38 453.000000 -2017.000000 -55.000000 37 39 1200 1200 1200 1 5000 0
39 50.000000 -2016.000000 -55.000000 38 40 1200 1200 1200 1 5000 0
40 -246.000000 -2052.000000 -55.000000 39 15 16 1200 1200 1 5000 0
41 -351.000000 -2710.000000 -55.000000 35 42 34 1200 1200 1 5000 0
42 -670.000000 -2747.000000 -55.000000 41 43 1200 1200 1200 1 5000 0
43 -1052.000000 -2774.000000 -55.000000 42 1200 1200 1200 1200 1 5000 0
44 16.000000 -2707.000000 -55.000000 35 45 36 1200 1200 1 5000 0
45 365.000000 -2716.000000 -55.000000 44 46 1200 1200 1200 1 5000 0
46 645.000000 -2697.000000 -55.000000 45 1200 1200 1200 1200 1 5000 0
47 1716.000000 13.000000 -39.000000 29 1200 1200 1200 1200 1 5000 0
48 2530.000000 -418.000000 204.000000 49 1200 1200 1200 1200 1 5000 0
49 2358.000000 -370.000000 214.000000 48 50 1200 1200 1200 1 5000 0
50 2171.000000 -409.000000 204.000000 49 51 1200 1200 1200 1 5000 0
51 1916.000000 -467.000000 204.000000 50 52 1200 1200 1200 1 5000 0
52 1781.000000 -466.000000 208.000000 51 53 1200 1200 1200 1 5000 0
53 1553.000000 -419.000000 104.000000 52 54 1200 1200 1200 1 5000 0
54 1525.000000 -169.000000 32.000000 53 55 1200 1200 1200 1 5000 0
55 1523.000000 85.000000 24.000000 54 2 3 1200 1200 1 5000 0
56 1092.000000 -149.000000 -375.000000 57 77 78 82 1200 1 5000 2
57 1096.000000 -133.000000 63.000000 56 1200 1200 1200 1200 1 5000 0
58 -180.000000 -685.000000 -375.000000 59 74 1200 1200 1200 1 5000 2
59 -180.000000 -664.000000 117.000000 58 60 1200 1200 1200 1 5000 0
60 -258.000000 -692.000000 32.000000 59 1200 1200 1200 1200 1 5000 0
61 -411.000000 48.000000 24.000000 31 62 1200 1200 1200 1 5000 0
62 -165.000000 63.000000 24.000000 61 63 1200 1200 1200 1 5000 0
63 -142.000000 391.000000 24.000000 62 1200 1200 1200 1200 1 5000 0
64 -928.000000 -419.000000 24.000000 9 87 1200 1200 1200 1 5000 0
65 -965.000000 74.000000 24.000000 10 1200 1200 1200 1200 0 10000 0
66 -599.000000 34.000000 82.000000 27 67 1200 1200 1200 0 10000 0
67 -783.000000 95.000000 72.000000 66 1200 1200 1200 1200 0 10000 0
68 -559.000000 -419.000000 24.000000 27 8 9 69 1200 0 10000 0
69 -557.000000 -631.000000 72.000000 68 70 1200 1200 1200 0 10000 0
70 -543.000000 -896.000000 24.000000 69 71 12 1200 1200 0 10000 0
71 -439.000000 -780.000000 24.000000 70 1200 1200 1200 1200 0 10000 0
72 1694.000000 -310.000000 -39.000000 29 1200 1200 1200 1200 0 10000 0
73 221.000000 -1133.000000 24.000000 18 17 1200 1200 1200 0 10000 0
74 -144.000000 -1153.000000 -375.000000 58 75 1200 1200 1200 0 10000 0
75 506.000000 -1154.000000 -375.000000 74 76 81 1200 1200 0 10000 0
76 511.000000 -666.000000 -375.000000 75 77 1200 1200 1200 0 10000 0
77 552.000000 -195.000000 -375.000000 76 56 1200 1200 1200 0 10000 0
78 1653.000000 -216.000000 -375.000000 56 79 1200 1200 1200 0 10000 0
79 1674.000000 -667.000000 -375.000000 78 80 1200 1200 1200 0 10000 0
80 1651.000000 -1177.000000 -375.000000 79 81 83 1200 1200 0 10000 0
81 1088.000000 -1116.000000 -375.000000 80 82 75 1200 1200 0 10000 0
82 1098.000000 -537.000000 -375.000000 81 56 1200 1200 1200 0 10000 0
83 2452.000000 -1166.000000 -375.000000 80 84 1200 1200 1200 0 10000 0
84 2453.000000 -1522.000000 -375.000000 83 85 1200 1200 1200 0 10000 2
85 2450.000000 -1555.000000 63.000000 84 86 1200 1200 1200 0 10000 0
86 2530.000000 -1544.000000 32.000000 85 22 1200 1200 1200 0 10000 0
87 -928.000000 -882.000000 24.000000 12 64 1200 1200 1200 0 10000 0
