15 912.000000 680.000000 151.125000 0.000000 90.000000 0.000000 0.000000 0.000000 1.000000 0.000000 90.000000 0.000000
13 1216.000000 720.000000 149.125000 0.000000 0.000000 0.000000 0.000000 0.000000 1.000000 0.000000 0.000000 0.000000
2 -120.000000 -1792.000000 -30.875000 0.000000 180.000000 0.000000 0.000000 0.000000 1.000000 0.000000 180.000000 0.000000
2 888.000000 64.000000 311.125000 0.000000 0.000000 0.000000 0.000000 0.000000 1.000000 0.000000 0.000000 0.000000
11 572.000000 896.000000 336.125000 0.000000 0.000000 0.000000 0.000000 0.000000 1.000000 0.000000 0.000000 0.000000
10 928.000000 608.000000 316.125000 0.000000 0.000000 0.000000 0.000000 0.000000 1.000000 0.000000 0.000000 0.000000
11 1216.000000 640.000000 176.125000 0.000000 0.000000 0.000000 0.000000 0.000000 1.000000 0.000000 0.000000 0.000000
12 1216.000000 576.000000 149.125000 0.000000 0.000000 0.000000 0.000000 0.000000 1.000000 0.000000 0.000000 0.000000
12 1056.000000 712.000000 149.125000 0.000000 0.000000 0.000000 0.000000 0.000000 1.000000 0.000000 0.000000 0.000000
11 1120.000000 640.000000 176.125000 0.000000 0.000000 0.000000 0.000000 0.000000 1.000000 0.000000 0.000000 0.000000
14 1040.000000 624.000000 143.125000 0.000000 0.000000 0.000000 0.000000 0.000000 1.000000 0.000000 0.000000 0.000000
14 1216.000000 496.000000 143.125000 0.000000 0.000000 0.000000 0.000000 0.000000 1.000000 0.000000 0.000000 0.000000
11 1200.000000 424.000000 176.125000 0.000000 0.000000 0.000000 0.000000 0.000000 1.000000 0.000000 0.000000 0.000000
10 832.000000 832.000000 316.125000 0.000000 0.000000 0.000000 0.000000 0.000000 1.000000 0.000000 0.000000 0.000000
10 320.000000 832.000000 316.125000 0.000000 0.000000 0.000000 0.000000 0.000000 1.000000 0.000000 0.000000 0.000000
10 224.000000 608.000000 316.125000 0.000000 0.000000 0.000000 0.000000 0.000000 1.000000 0.000000 0.000000 0.000000
10 928.000000 608.000000 380.125000 0.000000 0.000000 0.000000 0.000000 0.000000 1.000000 0.000000 0.000000 0.000000
10 832.000000 832.000000 380.125000 0.000000 0.000000 0.000000 0.000000 0.000000 1.000000 0.000000 0.000000 0.000000
10 320.000000 832.000000 380.125000 0.000000 0.000000 0.000000 0.000000 0.000000 1.000000 0.000000 0.000000 0.000000
10 224.000000 608.000000 380.125000 0.000000 0.000000 0.000000 0.000000 0.000000 1.000000 0.000000 0.000000 0.000000
10 1408.000000 864.000000 380.125000 0.000000 0.000000 0.000000 0.000000 0.000000 1.000000 0.000000 0.000000 0.000000
10 1312.000000 864.000000 388.125000 0.000000 0.000000 0.000000 0.000000 0.000000 1.000000 0.000000 0.000000 0.000000
10 1504.000000 864.000000 388.125000 0.000000 0.000000 0.000000 0.000000 0.000000 1.000000 0.000000 0.000000 0.000000
10 1504.000000 864.000000 315.875000 0.000000 0.000000 0.000000 0.000000 0.000000 1.000000 0.000000 0.000000 0.000000
10 1408.000000 864.000000 315.875000 0.000000 0.000000 0.000000 0.000000 0.000000 1.000000 0.000000 0.000000 0.000000
10 1312.000000 864.000000 315.875000 0.000000 0.000000 0.000000 0.000000 0.000000 1.000000 0.000000 0.000000 0.000000
11 1216.000000 576.000000 336.125000 0.000000 0.000000 0.000000 0.000000 0.000000 1.000000 0.000000 0.000000 0.000000
10 1216.000000 704.000000 380.125000 0.000000 0.000000 0.000000 0.000000 0.000000 1.000000 0.000000 0.000000 0.000000
10 1216.000000 704.000000 316.125000 0.000000 0.000000 0.000000 0.000000 0.000000 1.000000 0.000000 0.000000 0.000000
10 1216.000000 448.000000 316.125000 0.000000 0.000000 0.000000 0.000000 0.000000 1.000000 0.000000 0.000000 0.000000
9 1016.000000 784.000000 300.125000 0.000000 180.000000 0.000000 0.000000 0.000000 1.000000 0.000000 180.000000 0.000000
12 1024.000000 896.000000 309.125000 0.000000 0.000000 0.000000 0.000000 0.000000 1.000000 0.000000 0.000000 0.000000
14 1128.000000 896.000000 303.125000 0.000000 0.000000 0.000000 0.000000 0.000000 1.000000 0.000000 0.000000 0.000000
16 -264.000000 -1840.000000 143.125000 0.000000 0.000000 0.000000 0.000000 0.000000 1.000000 0.000000 0.000000 0.000000
10 160.000000 -1960.000000 148.125000 0.000000 0.000000 0.000000 0.000000 0.000000 1.000000 0.000000 0.000000 0.000000
10 40.000000 -2080.000000 148.125000 0.000000 0.000000 0.000000 0.000000 0.000000 1.000000 0.000000 0.000000 0.000000
10 -160.000000 -1904.000000 148.125000 0.000000 0.000000 0.000000 0.000000 0.000000 1.000000 0.000000 0.000000 0.000000
1 -176.000000 -2024.000000 215.125000 0.000000 180.000000 0.000000 0.000000 0.000000 1.000000 0.000000 180.000000 0.000000
1 -192.000000 -1432.000000 -160.875000 0.000000 180.000000 0.000000 0.000000 0.000000 1.000000 0.000000 180.000000 0.000000
2 976.000000 -1720.000000 -32.875000 0.000000 180.000000 0.000000 0.000000 0.000000 1.000000 0.000000 180.000000 0.000000
1 1032.000000 -1856.000000 -32.875000 0.000000 180.000000 0.000000 0.000000 0.000000 1.000000 0.000000 180.000000 0.000000
3 1088.000000 -1728.000000 -32.875000 0.000000 0.000000 0.000000 0.000000 0.000000 1.000000 0.000000 0.000000 0.000000
4 1192.000000 -1728.000000 -32.875000 0.000000 0.000000 0.000000 0.000000 0.000000 1.000000 0.000000 0.000000 0.000000
4 1264.000000 -1768.000000 -32.875000 0.000000 0.000000 0.000000 0.000000 0.000000 1.000000 0.000000 0.000000 0.000000
6 1104.000000 -1920.000000 -38.875000 0.000000 0.000000 0.000000 0.000000 0.000000 1.000000 0.000000 0.000000 0.000000
8 1023.999877 -1568.000000 -27.875000 0.000000 172.566116 0.000000 0.000000 0.000000 1.000000 0.000000 172.566116 0.000000
4 1024.000000 -1992.000000 -32.875000 0.000000 0.000000 0.000000 0.000000 0.000000 1.000000 0.000000 0.000000 0.000000
1 192.000000 -1792.000000 -30.875000 0.000000 180.000000 0.000000 0.000000 0.000000 1.000000 0.000000 180.000000 0.000000
1 2144.000000 256.000000 168.201141 0.000000 90.000000 0.000000 0.000000 0.257662 0.966234 0.000000 90.000000 0.000000
1 -256.000000 -576.000000 -114.030487 0.000000 180.000000 0.000000 -0.136501 0.000000 0.990639 0.000000 180.000000 0.000000
2 2144.000000 400.000000 137.801147 0.000000 -90.000000 0.000000 0.000000 0.257662 0.966234 0.000000 -90.000000 0.000000
4 2144.000000 576.000000 82.867813 0.000000 -90.000000 0.000000 0.000000 0.257662 0.966234 0.000000 -90.000000 0.000000
1 -256.000000 704.000000 311.125000 0.000000 360.000000 0.000000 0.000000 0.000000 1.000000 0.000000 360.000000 0.000000
4 904.000000 384.000000 311.125000 0.000000 0.000000 0.000000 0.000000 0.000000 1.000000 0.000000 0.000000 0.000000
7 888.000000 256.000000 321.125000 0.000000 0.000000 0.000000 0.000000 0.000000 1.000000 0.000000 0.000000 0.000000
1 -224.000000 -608.000000 400.125000 0.000000 90.000000 0.000000 0.000000 0.000000 1.000000 0.000000 90.000000 0.000000
1 496.000000 -464.000000 -32.875000 0.000000 90.000000 0.000000 0.000000 0.000000 1.000000 0.000000 90.000000 0.000000
1 1440.000000 -256.000000 -23.121154 0.000000 90.000000 0.000000 0.000000 -0.242535 0.970142 0.000000 90.000000 0.000000
1 1328.000000 -896.000000 -32.875000 0.000000 270.000000 0.000000 0.000000 0.000000 1.000000 0.000000 270.000000 0.000000
14 -184.000000 -1792.000000 135.125000 0.000000 0.000000 0.000000 0.000000 0.000000 1.000000 0.000000 0.000000 0.000000
1 64.000000 -2288.000000 -32.875000 0.000000 90.000000 0.000000 0.000000 0.000000 1.000000 0.000000 90.000000 0.000000
1 2840.000000 -1800.000000 62.961639 0.000000 90.000000 0.000000 0.097972 0.404462 0.909291 0.000000 90.000000 0.000000
15 4856.000000 448.000000 23.125000 0.000000 0.000000 0.000000 0.000000 0.000000 1.000000 0.000000 0.000000 0.000000
10 5072.000000 40.000000 116.125000 0.000000 -90.000000 0.000000 0.000000 0.000000 1.000000 0.000000 -90.000000 0.000000
10 5008.000000 40.000000 116.125000 0.000000 -90.000000 0.000000 0.000000 0.000000 1.000000 0.000000 -90.000000 0.000000
10 4944.000000 40.000000 116.125000 0.000000 -90.000000 0.000000 0.000000 0.000000 1.000000 0.000000 -90.000000 0.000000
10 4816.000000 40.000000 116.125000 0.000000 -90.000000 0.000000 0.000000 0.000000 1.000000 0.000000 -90.000000 0.000000
10 5056.000000 232.000000 28.125000 0.000000 180.000000 0.000000 0.000000 0.000000 1.000000 0.000000 180.000000 0.000000
10 4752.000000 40.000000 116.125000 0.000000 -90.000000 0.000000 0.000000 0.000000 1.000000 0.000000 -90.000000 0.000000
10 4688.000000 40.000000 116.125000 0.000000 -90.000000 0.000000 0.000000 0.000000 1.000000 0.000000 -90.000000 0.000000
12 5072.000000 440.000000 21.125000 0.000000 -90.000000 0.000000 0.000000 0.000000 1.000000 0.000000 -90.000000 0.000000
14 4976.000000 456.000000 15.125000 0.000000 0.000000 0.000000 0.000000 0.000000 1.000000 0.000000 0.000000 0.000000
13 4736.000000 448.000000 21.125000 0.000000 0.000000 0.000000 0.000000 0.000000 1.000000 0.000000 0.000000 0.000000
11 4656.000000 456.000000 48.125000 0.000000 0.000000 0.000000 0.000000 0.000000 1.000000 0.000000 0.000000 0.000000
10 4656.000000 400.000000 28.125000 0.000000 0.000000 0.000000 0.000000 0.000000 1.000000 0.000000 0.000000 0.000000
10 4648.000000 128.000000 28.125000 0.000000 0.000000 0.000000 0.000000 0.000000 1.000000 0.000000 0.000000 0.000000
10 4648.000000 256.000000 28.125000 0.000000 0.000000 0.000000 0.000000 0.000000 1.000000 0.000000 0.000000 0.000000
11 4736.000000 360.000000 48.125000 0.000000 0.000000 0.000000 0.000000 0.000000 1.000000 0.000000 0.000000 0.000000
10 4648.000000 328.000000 28.125000 0.000000 0.000000 0.000000 0.000000 0.000000 1.000000 0.000000 0.000000 0.000000
10 4864.000000 256.000000 28.125000 0.000000 -90.000000 0.000000 0.000000 0.000000 1.000000 0.000000 -90.000000 0.000000
10 4920.000000 248.000000 28.125000 0.000000 -90.000000 0.000000 0.000000 0.000000 1.000000 0.000000 -90.000000 0.000000
10 4808.000000 248.000000 28.125000 0.000000 -90.000000 0.000000 0.000000 0.000000 1.000000 0.000000 -90.000000 0.000000
10 4768.000000 192.000000 28.125000 0.000000 -90.000000 0.000000 0.000000 0.000000 1.000000 0.000000 -90.000000 0.000000
10 4960.000000 192.000000 28.125000 0.000000 -90.000000 0.000000 0.000000 0.000000 1.000000 0.000000 -90.000000 0.000000
10 4768.000000 128.000000 28.125000 0.000000 -90.000000 0.000000 0.000000 0.000000 1.000000 0.000000 -90.000000 0.000000
10 4960.000000 128.000000 28.125000 0.000000 -90.000000 0.000000 0.000000 0.000000 1.000000 0.000000 -90.000000 0.000000
10 4768.000000 64.000000 28.125000 0.000000 -90.000000 0.000000 0.000000 0.000000 1.000000 0.000000 -90.000000 0.000000
10 4960.000000 64.000000 28.125000 0.000000 -90.000000 0.000000 0.000000 0.000000 1.000000 0.000000 -90.000000 0.000000
9 4864.000000 448.000000 196.125000 0.000000 90.000000 0.000000 0.000000 0.000000 1.000000 0.000000 90.000000 0.000000
9 5056.000000 232.000000 52.250000 0.000000 90.000000 0.000000 0.000000 0.000000 1.000000 0.000000 90.000000 0.000000
10 5080.000000 136.000000 80.906250 0.000000 180.000000 0.000000 0.000000 0.600000 0.800000 0.000000 180.000000 0.000000
10 5064.000000 432.000000 124.125000 0.000000 -90.000000 0.000000 0.000000 0.000000 1.000000 0.000000 -90.000000 0.000000
10 4736.000000 432.000000 116.125000 0.000000 -90.000000 0.000000 0.000000 0.000000 1.000000 0.000000 -90.000000 0.000000
1 4864.000000 600.000000 -10.875000 0.000000 180.000000 0.000000 0.000000 0.000000 1.000000 0.000000 180.000000 0.000000
11 5080.000000 336.000000 48.125000 0.000000 0.000000 0.000000 0.000000 0.000000 1.000000 0.000000 0.000000 0.000000
2 4864.000000 712.000000 -10.875000 0.000000 90.000000 0.000000 0.000000 0.000000 1.000000 0.000000 90.000000 0.000000
7 4984.000000 720.000000 -0.875000 0.000000 0.000000 0.000000 0.000000 0.000000 1.000000 0.000000 0.000000 0.000000
7 4744.000000 720.000000 -0.875000 0.000000 0.000000 0.000000 0.000000 0.000000 1.000000 0.000000 0.000000 0.000000
7 5312.000000 704.000000 25.125000 0.000000 0.000000 0.000000 0.000000 0.000000 1.000000 0.000000 0.000000 0.000000
7 4416.000000 704.000000 25.125000 0.000000 0.000000 0.000000 0.000000 0.000000 1.000000 0.000000 0.000000 0.000000
4 5376.000000 512.000000 103.125000 0.000000 -90.000000 0.000000 0.000000 0.000000 1.000000 0.000000 -90.000000 0.000000
4 4352.000000 512.000000 103.125000 0.000000 -90.000000 0.000000 0.000000 0.000000 1.000000 0.000000 -90.000000 0.000000
4 4704.000000 576.000000 -10.875000 0.000000 180.000000 0.000000 0.000000 0.000000 1.000000 0.000000 180.000000 0.000000
4 4696.000000 648.000000 -10.875000 0.000000 180.000000 0.000000 0.000000 0.000000 1.000000 0.000000 180.000000 0.000000
4 4672.000000 720.000000 -10.875000 0.000000 180.000000 0.000000 0.000000 0.000000 1.000000 0.000000 180.000000 0.000000
4 5024.000000 576.000000 -10.875000 0.000000 0.000000 0.000000 0.000000 0.000000 1.000000 0.000000 0.000000 0.000000
4 5032.000000 648.000000 -10.875000 0.000000 0.000000 0.000000 0.000000 0.000000 1.000000 0.000000 0.000000 0.000000
4 5056.000000 720.000000 -10.875000 0.000000 0.000000 0.000000 0.000000 0.000000 1.000000 0.000000 0.000000 0.000000
1 4864.000000 -512.000000 15.125000 0.000000 90.000000 0.000000 0.000000 0.000000 1.000000 0.000000 90.000000 0.000000
10 4992.000000 -192.000000 20.125000 0.000000 -90.000000 0.000000 0.000000 0.000000 1.000000 0.000000 -90.000000 0.000000
10 4736.000000 -192.000000 20.125000 0.000000 -90.000000 0.000000 0.000000 0.000000 1.000000 0.000000 -90.000000 0.000000
10 1536.000000 192.000000 -17.813526 0.000000 -90.000000 0.000000 0.000000 -0.120328 0.992734 0.000000 -90.000000 0.000000
10 1088.000000 384.000030 156.125000 0.000000 -60.000000 0.000000 0.000000 0.000000 1.000000 0.000000 -60.000000 0.000000
1 128.000000 -1920.000000 -30.875000 0.000000 180.000000 0.000000 0.000000 0.000000 1.000000 0.000000 180.000000 0.000000
10 1472.000000 192.000000 -17.813526 0.000000 -90.000000 0.000000 0.000000 -0.120328 0.992734 0.000000 -90.000000 0.000000
10 1408.000000 192.000000 -17.813526 0.000000 -90.000000 0.000000 0.000000 -0.120328 0.992734 0.000000 -90.000000 0.000000
1 2944.000000 1728.000000 -27.608058 0.000000 90.000000 0.000000 0.000000 0.066519 0.997785 0.000000 90.000000 0.000000
1 3200.000000 1672.000000 -23.207569 0.000000 270.000000 0.000000 0.000000 0.110431 0.993883 0.000000 270.000000 0.000000
1 2688.000000 1672.000000 -23.207569 0.000000 270.000000 0.000000 0.000000 0.110431 0.993883 0.000000 270.000000 0.000000
10 3004.000000 704.000000 111.131759 0.000000 90.000000 0.000000 0.000000 0.316227 0.948683 0.000000 90.000000 0.000000
10 2876.000000 704.000000 111.131759 0.000000 90.000000 0.000000 0.000000 0.316227 0.948683 0.000000 90.000000 0.000000
10 2748.000000 704.000000 111.131759 0.000000 90.000000 0.000000 0.000000 0.316227 0.948683 0.000000 90.000000 0.000000
10 3264.000000 744.000000 99.126274 0.000000 90.000000 0.000000 0.000000 0.141421 0.989949 0.000000 90.000000 0.000000
10 2620.000000 744.000000 99.126274 0.000000 90.000000 0.000000 0.000000 0.141421 0.989949 0.000000 90.000000 0.000000
10 3276.000000 1152.000000 92.125000 0.000000 90.000000 0.000000 0.000000 0.000000 1.000000 0.000000 90.000000 0.000000
10 2628.000000 1160.000000 103.306953 0.000000 90.000000 0.000000 0.000000 0.643291 0.765621 0.000000 90.000000 0.000000
10 2980.000000 1152.000000 126.741729 0.000000 90.000000 0.000000 -0.046231 0.001004 0.998930 0.000000 90.000000 0.000000
10 2872.000000 384.000000 96.125000 0.000000 0.000000 0.000000 0.000000 0.000000 1.000000 0.000000 0.000000 0.000000
10 2880.000000 448.000061 96.125000 0.000000 -45.000000 0.000000 0.000000 0.000000 1.000000 0.000000 -45.000000 0.000000
10 2952.000000 448.000000 96.125000 0.000000 -90.000000 0.000000 0.000000 0.000000 1.000000 0.000000 -90.000000 0.000000
12 2760.000000 456.000000 89.125000 0.000000 0.000000 0.000000 0.000000 0.000000 1.000000 0.000000 0.000000 0.000000
14 2744.000000 368.000000 83.125000 0.000000 0.000000 0.000000 0.000000 0.000000 1.000000 0.000000 0.000000 0.000000
14 2736.000000 456.000000 175.125000 0.000000 0.000000 0.000000 0.000000 0.000000 1.000000 0.000000 0.000000 0.000000
9 2944.000000 448.000000 172.125000 0.000000 270.000000 0.000000 0.000000 0.000000 1.000000 0.000000 270.000000 0.000000
11 2944.000000 368.000000 208.125000 0.000000 0.000000 0.000000 0.000000 0.000000 1.000000 0.000000 0.000000 0.000000
10 2812.000000 624.000000 94.378852 0.000000 90.000000 0.000000 0.000000 0.242535 0.970142 0.000000 90.000000 0.000000
10 2940.000000 624.000000 94.378852 0.000000 90.000000 0.000000 0.000000 0.242535 0.970142 0.000000 90.000000 0.000000
10 2684.000000 624.000000 94.378852 0.000000 90.000000 0.000000 0.000000 0.242535 0.970142 0.000000 90.000000 0.000000
10 2816.000000 1208.000000 90.187744 0.000000 90.000000 0.000000 0.000000 0.062378 0.998052 0.000000 90.000000 0.000000
10 3136.000000 1032.000000 69.176795 0.000000 90.000000 0.000000 0.000000 -0.707106 0.707106 0.000000 90.000000 0.000000
2 2944.000000 1728.000000 335.125000 0.000000 90.000000 0.000000 0.000000 0.000000 1.000000 0.000000 90.000000 0.000000
4 3072.000000 1600.000000 -15.207569 0.000000 -90.000000 0.000000 0.000000 0.110431 0.993883 0.000000 -90.000000 0.000000
4 2816.000000 1600.000000 -15.207569 0.000000 -90.000000 0.000000 0.000000 0.110431 0.993883 0.000000 -90.000000 0.000000
16 2928.000000 296.000000 207.125000 0.000000 0.000000 0.000000 0.000000 0.000000 1.000000 0.000000 0.000000 0.000000
11 3104.000000 1272.000000 134.892501 0.000000 0.000000 0.000000 -0.072237 0.464063 0.882851 0.000000 0.000000 0.000000
11 2888.000000 1176.000000 112.000244 0.000000 180.000000 0.000000 0.000000 0.062378 0.998052 0.000000 180.000000 0.000000
11 2976.000000 1256.000000 107.000244 0.000000 -90.000000 0.000000 0.000000 0.062378 0.998052 0.000000 -90.000000 0.000000
11 3200.000000 1184.000000 134.316452 0.000000 0.000000 0.000000 0.000000 -0.402421 0.915454 0.000000 0.000000 0.000000
11 2744.000000 1176.000000 112.000244 0.000000 180.000000 0.000000 0.000000 0.062378 0.998052 0.000000 180.000000 0.000000
10 3164.000000 1304.000000 84.187744 0.000000 90.000000 0.000000 0.000000 0.062378 0.998052 0.000000 90.000000 0.000000
10 2756.000000 1304.000000 84.187744 0.000000 90.000000 0.000000 0.000000 0.062378 0.998052 0.000000 90.000000 0.000000
12 2976.000000 864.000000 83.125961 0.000000 0.000000 0.000000 0.000000 0.124034 0.992277 0.000000 0.000000 0.000000
10 2836.000000 864.000000 88.250968 0.000000 90.000000 0.000000 0.000000 0.124034 0.992277 0.000000 90.000000 0.000000
10 3116.000000 864.000000 88.250968 0.000000 90.000000 0.000000 0.000000 0.124034 0.992277 0.000000 90.000000 0.000000
10 3016.000000 296.000000 212.125000 0.000000 0.000000 0.000000 0.000000 0.000000 1.000000 0.000000 0.000000 0.000000
11 2864.000000 368.000000 208.125000 0.000000 0.000000 0.000000 0.000000 0.000000 1.000000 0.000000 0.000000 0.000000
11 2848.000000 296.000000 232.125000 0.000000 0.000000 0.000000 0.000000 0.000000 1.000000 0.000000 0.000000 0.000000
11 2616.000000 296.000000 112.125000 0.000000 0.000000 0.000000 0.000000 0.000000 1.000000 0.000000 0.000000 0.000000
10 2864.000000 320.000000 96.125000 0.000000 0.000000 0.000000 0.000000 0.000000 1.000000 0.000000 0.000000 0.000000
4 2944.000000 1600.000000 -15.207569 0.000000 180.000000 0.000000 0.000000 0.110431 0.993883 0.000000 180.000000 0.000000
4 3008.000000 1504.000000 2.272864 0.000000 -90.000000 0.000000 0.000000 0.274721 0.961523 0.000000 -90.000000 0.000000
4 2880.000000 1504.000000 2.272864 0.000000 -90.000000 0.000000 0.000000 0.274721 0.961523 0.000000 -90.000000 0.000000
4 3264.000000 1504.000000 2.272864 0.000000 -90.000000 0.000000 0.000000 0.274721 0.961523 0.000000 -90.000000 0.000000
4 2688.000000 1504.000000 2.272864 0.000000 -90.000000 0.000000 0.000000 0.274721 0.961523 0.000000 -90.000000 0.000000
4 3136.000000 1728.000000 -27.608058 0.000000 -90.000000 0.000000 0.000000 0.066519 0.997785 0.000000 -90.000000 0.000000
4 2752.000000 1728.000000 -27.608058 0.000000 -90.000000 0.000000 0.000000 0.066519 0.997785 0.000000 -90.000000 0.000000
9 3064.000000 1040.000000 69.727470 0.000000 270.000000 0.000000 0.000000 -0.196116 0.980580 0.000000 270.000000 0.000000
10 888.000000 -640.000000 316.125000 0.000000 -90.000000 0.000000 0.000000 0.000000 1.000000 0.000000 -90.000000 0.000000
4 896.000000 -128.000000 311.125000 0.000000 0.000000 0.000000 0.000000 0.000000 1.000000 0.000000 0.000000 0.000000
16 352.000000 -4256.000000 655.125000 0.000000 0.000000 0.000000 0.000000 0.000000 1.000000 0.000000 0.000000 0.000000
12 336.000000 -4176.000000 653.125000 0.000000 -90.000000 0.000000 0.000000 0.000000 1.000000 0.000000 -90.000000 0.000000
14 256.000000 -4240.000000 647.125000 0.000000 180.000000 0.000000 0.000000 0.000000 1.000000 0.000000 180.000000 0.000000
14 336.000000 -4088.000000 831.125000 0.000000 0.000000 0.000000 0.000000 0.000000 1.000000 0.000000 0.000000 0.000000
10 4880.000000 40.000000 116.125000 0.000000 -90.000000 0.000000 0.000000 0.000000 1.000000 0.000000 -90.000000 0.000000
9 1216.000000 320.000030 140.125000 0.000000 37.900009 0.000000 0.000000 0.000000 1.000000 0.000000 37.900009 0.000000
16 2975.495605 988.403625 15.625000 0.000000 491.000000 360.000000 0.000000 0.000000 1.000000 0.000000 491.000000 1.000000
10 791.729492 430.354766 132.271163 0.000000 348.000000 360.000000 0.000000 -0.660074 0.751200 0.000000 348.000000 1.000000
10 369.868164 440.653045 141.320190 0.000000 183.000000 360.000000 0.000000 -0.660074 0.751200 0.000000 183.000000 1.000000
10 577.983398 420.291534 123.428672 0.000000 231.000000 360.000000 0.000000 -0.660074 0.751200 0.000000 231.000000 1.000000
16 897.914428 -466.804229 311.625000 0.000000 213.000000 360.000000 0.000000 0.000000 1.000000 0.000000 213.000000 1.000000
