10 3264.000000 128.000000 -107.875000 0.000000 -90.000000 0.000000 0.000000 0.000000 1.000000 -1.673784 237.628234 0.000000
10 3864.009277 -84.760391 36.125000 0.000000 450.000000 360.000000 0.000000 0.000000 1.000000 0.000000 450.000000 1.000000
4 -3296.000000 -736.000000 31.125000 0.000000 0.000000 0.000000 0.000000 0.000000 1.000000 0.000000 0.000000 0.000000
4 -3392.000000 128.000000 -112.875000 0.000000 180.000000 0.000000 0.000000 0.000000 1.000000 0.000000 180.000000 0.000000
1 -3936.000000 896.000000 31.125000 0.000000 178.596649 0.000000 0.000000 0.000000 1.000000 0.000000 178.596649 0.000000
2 -3904.000000 992.000000 31.125000 0.000000 135.000000 0.000000 0.000000 0.000000 1.000000 0.000000 135.000000 0.000000
15 3248.000000 992.000000 31.125000 0.000000 90.000000 0.000000 0.000000 0.000000 1.000000 0.000000 90.000000 0.000000
10 3328.000000 128.000000 -107.875000 0.000000 -90.000000 0.000000 0.000000 0.000000 1.000000 -1.265514 218.099960 0.000000
10 3392.000000 128.000000 -107.875000 0.000000 -90.000000 0.000000 0.000000 0.000000 1.000000 -0.843631 -122.000000 0.000000
10 3392.000000 -128.000000 -107.875000 0.000000 90.000000 0.000000 0.000000 0.000000 1.000000 -0.857544 144.590957 0.000000
10 3328.000000 -128.000000 -107.875000 0.000000 90.000000 0.000000 0.000000 0.000000 1.000000 -1.057015 134.421279 0.000000
10 3648.000000 128.000000 -107.875000 0.000000 -90.000000 0.000000 0.000000 0.000000 1.000000 0.000000 -90.000000 0.000000
10 3712.000000 128.000000 -107.875000 0.000000 -90.000000 0.000000 0.000000 0.000000 1.000000 0.000000 -90.000000 0.000000
10 3776.000000 128.000000 -107.875000 0.000000 -90.000000 0.000000 0.000000 0.000000 1.000000 0.000000 -90.000000 0.000000
10 3776.000000 -128.000000 -107.875000 0.000000 90.000000 0.000000 0.000000 0.000000 1.000000 0.000000 90.000000 0.000000
10 3712.000000 -128.000000 -107.875000 0.000000 90.000000 0.000000 0.000000 0.000000 1.000000 0.000000 90.000000 0.000000
10 3648.000000 -128.000000 -107.875000 0.000000 90.000000 0.000000 0.000000 0.000000 1.000000 0.000000 90.000000 0.000000
4 -3392.000000 -128.000000 -112.875000 0.000000 180.000000 0.000000 0.000000 0.000000 1.000000 0.000000 180.000000 0.000000
10 3422.692626 -552.335266 36.625000 0.000000 289.000000 360.000000 0.000000 0.000000 1.000000 -0.388537 227.992965 1.000000
4 -3776.000000 128.000000 -112.875000 0.000000 180.000000 0.000000 0.000000 0.000000 1.000000 0.000000 180.000000 0.000000
4 -3840.000000 128.000000 -112.875000 0.000000 180.000000 0.000000 0.000000 0.000000 1.000000 0.000000 180.000000 0.000000
4 -3776.000000 -128.000000 -112.875000 0.000000 180.000000 0.000000 0.000000 0.000000 1.000000 0.000000 180.000000 0.000000
4 -3840.000000 -128.000000 -112.875000 0.000000 180.000000 0.000000 0.000000 0.000000 1.000000 0.000000 180.000000 0.000000
1 -3744.000000 -736.000000 31.125000 0.000000 270.000000 0.000000 0.000000 0.000000 1.000000 0.000000 270.000000 0.000000
10 3866.842529 372.489532 98.373413 0.000000 361.000000 360.000000 0.000000 -0.707106 0.707106 0.000000 361.000000 1.000000
4 -3392.000000 128.000000 31.125000 0.000000 0.000000 0.000000 0.000000 0.000000 1.000000 0.000000 0.000000 0.000000
1 -3360.000000 128.000000 31.125000 0.000000 360.000000 0.000000 0.000000 0.000000 1.000000 0.000000 360.000000 0.000000
4 -3424.000000 128.000000 31.125000 0.000000 0.000000 0.000000 0.000000 0.000000 1.000000 0.000000 0.000000 0.000000
4 -3360.000000 160.000000 31.125000 0.000000 0.000000 0.000000 0.000000 0.000000 1.000000 0.000000 0.000000 0.000000
4 -3392.000000 160.000000 31.125000 0.000000 0.000000 0.000000 0.000000 0.000000 1.000000 0.000000 0.000000 0.000000
16 3712.000000 -416.000000 -112.875000 0.000000 0.000000 0.000000 0.000000 0.000000 1.000000 0.000000 0.000000 0.000000
16 3712.000000 416.000000 -112.875000 0.000000 0.000000 0.000000 0.000000 0.000000 1.000000 0.000000 0.000000 0.000000
4 -4384.000000 320.000000 -29.121149 0.000000 0.000000 0.000000 0.000000 -0.242535 0.970142 0.000000 0.000000 0.000000
4 -4384.000000 352.000000 -21.121149 0.000000 0.000000 0.000000 0.000000 -0.242535 0.970142 0.000000 0.000000 0.000000
4 -4384.000000 384.000000 -13.121150 0.000000 0.000000 0.000000 0.000000 -0.242535 0.970142 0.000000 0.000000 0.000000
4 -4416.000000 384.000000 -13.121150 0.000000 0.000000 0.000000 0.000000 -0.242535 0.970142 0.000000 0.000000 0.000000
4 -4448.000000 384.000000 -13.121150 0.000000 0.000000 0.000000 0.000000 -0.242535 0.970142 0.000000 0.000000 0.000000
4 -4384.000000 -320.000000 -29.121149 0.000000 0.000000 0.000000 0.000000 0.242535 0.970142 0.000000 0.000000 0.000000
4 -4384.000000 -352.000000 -21.121149 0.000000 0.000000 0.000000 0.000000 0.242535 0.970142 0.000000 0.000000 0.000000
4 -4384.000000 -384.000000 -13.121150 0.000000 0.000000 0.000000 0.000000 0.242535 0.970142 0.000000 0.000000 0.000000
4 -4416.000000 -384.000000 -13.121150 0.000000 0.000000 0.000000 0.000000 0.242535 0.970142 0.000000 0.000000 0.000000
4 -4448.000000 -384.000000 -13.121150 0.000000 0.000000 0.000000 0.000000 0.242535 0.970142 0.000000 0.000000 0.000000
12 3408.000000 992.000000 29.125000 0.000000 90.000000 0.000000 0.000000 0.000000 1.000000 0.000000 90.000000 0.000000
4 -3488.000000 -736.000000 31.125000 0.000000 0.000000 0.000000 0.000000 0.000000 1.000000 0.000000 0.000000 0.000000
4 -3488.000000 -704.000000 31.125000 0.000000 0.000000 0.000000 0.000000 0.000000 1.000000 0.000000 0.000000 0.000000
4 -3520.000000 -736.000000 31.125000 0.000000 0.000000 0.000000 0.000000 0.000000 1.000000 0.000000 0.000000 0.000000
4 -3520.000000 -704.000000 31.125000 0.000000 0.000000 0.000000 0.000000 0.000000 1.000000 0.000000 0.000000 0.000000
4 -3552.000000 -736.000000 31.125000 0.000000 0.000000 0.000000 0.000000 0.000000 1.000000 0.000000 0.000000 0.000000
4 -3552.000000 -704.000000 31.125000 0.000000 0.000000 0.000000 0.000000 0.000000 1.000000 0.000000 0.000000 0.000000
4 -3744.000000 848.000000 31.125000 0.000000 0.000000 0.000000 0.000000 0.000000 1.000000 0.000000 0.000000 0.000000
4 -3776.000000 848.000000 31.125000 0.000000 0.000000 0.000000 0.000000 0.000000 1.000000 0.000000 0.000000 0.000000
4 -3808.000000 848.000000 31.125000 0.000000 0.000000 0.000000 0.000000 0.000000 1.000000 0.000000 0.000000 0.000000
4 -3840.000000 848.000000 31.125000 0.000000 0.000000 0.000000 0.000000 0.000000 1.000000 0.000000 0.000000 0.000000
4 -3872.000000 848.000000 31.125000 0.000000 0.000000 0.000000 0.000000 0.000000 1.000000 0.000000 0.000000 0.000000
4 -3904.000000 848.000000 31.125000 0.000000 0.000000 0.000000 0.000000 0.000000 1.000000 0.000000 0.000000 0.000000
4 -3936.000000 848.000000 31.125000 0.000000 0.000000 0.000000 0.000000 0.000000 1.000000 0.000000 0.000000 0.000000
10 3360.000000 -736.000000 36.125000 0.000000 -180.000000 0.000000 0.000000 0.000000 1.000000 -1.340740 151.492324 0.000000
10 3866.423828 94.258766 36.125000 0.000000 260.000000 360.000000 0.000000 0.000000 1.000000 0.000000 260.000000 1.000000
10 3408.000000 880.000000 36.125000 0.000000 -90.000000 0.000000 0.000000 0.000000 1.000000 0.000000 -90.000000 0.000000
10 3328.000000 928.000000 36.125000 0.000000 -90.000000 0.000000 0.000000 0.000000 1.000000 0.000000 -90.000000 0.000000
10 3328.000000 1040.000000 36.125000 0.000000 -90.000000 0.000000 0.000000 0.000000 1.000000 0.000000 -90.000000 0.000000
10 3616.000000 864.000000 36.125000 0.000000 -90.000000 0.000000 0.000000 0.000000 1.000000 0.000000 -90.000000 0.000000
10 3712.000000 864.000000 36.125000 0.000000 -90.000000 0.000000 0.000000 0.000000 1.000000 0.000000 -90.000000 0.000000
10 3616.000000 1056.000000 36.125000 0.000000 -90.000000 0.000000 0.000000 0.000000 1.000000 0.000000 -90.000000 0.000000
10 3424.000000 -672.000000 36.125000 0.000000 180.000000 0.000000 0.000000 0.000000 1.000000 -0.775178 198.154281 0.000000
4 -3392.000000 -160.000000 -112.875000 0.000000 180.000000 0.000000 0.000000 0.000000 1.000000 0.000000 180.000000 0.000000
4 -3456.000000 -160.000000 -112.875000 0.000000 180.000000 0.000000 0.000000 0.000000 1.000000 0.000000 180.000000 0.000000
4 -3392.000000 160.000000 -112.875000 0.000000 180.000000 0.000000 0.000000 0.000000 1.000000 0.000000 180.000000 0.000000
4 -3456.000000 160.000000 -112.875000 0.000000 180.000000 0.000000 0.000000 0.000000 1.000000 0.000000 180.000000 0.000000
4 -3776.000000 -160.000000 -112.875000 0.000000 180.000000 0.000000 0.000000 0.000000 1.000000 0.000000 180.000000 0.000000
4 -3840.000000 -160.000000 -112.875000 0.000000 180.000000 0.000000 0.000000 0.000000 1.000000 0.000000 180.000000 0.000000
4 -3776.000000 160.000000 -112.875000 0.000000 180.000000 0.000000 0.000000 0.000000 1.000000 0.000000 180.000000 0.000000
4 -3840.000000 160.000000 -112.875000 0.000000 180.000000 0.000000 0.000000 0.000000 1.000000 0.000000 180.000000 0.000000
1 -4128.000000 -736.000000 31.125000 0.000000 270.000000 0.000000 0.000000 0.000000 1.000000 0.000000 270.000000 0.000000
1 -4128.000000 736.000000 31.125000 0.000000 90.000000 0.000000 0.000000 0.000000 1.000000 0.000000 90.000000 0.000000
10 3360.000000 -224.000000 36.125000 0.000000 -90.000000 0.000000 0.000000 0.000000 1.000000 -0.387925 281.877990 0.000000
10 3424.000000 -288.000000 36.125000 0.000000 -90.000000 0.000000 0.000000 0.000000 1.000000 -1.919914 244.892974 0.000000
10 3520.000000 704.000000 36.125000 0.000000 180.000000 0.000000 0.000000 0.000000 1.000000 0.000000 180.000000 0.000000
10 3168.000000 704.000000 36.125000 0.000000 -90.000000 0.000000 0.000000 0.000000 1.000000 0.000000 -90.000000 0.000000
9 3775.585205 706.719116 20.125000 0.000000 359.000000 360.000000 0.000000 0.000000 1.000000 0.000000 359.000000 1.000000
14 3712.000000 992.000000 23.125000 0.000000 90.000000 0.000000 0.000000 0.000000 1.000000 0.000000 90.000000 0.000000
9 3750.711914 -695.669311 20.125000 0.000000 273.000000 360.000000 0.000000 0.000000 1.000000 0.000000 273.000000 1.000000
12 3646.081298 -721.472778 29.625001 0.000000 531.000000 360.000000 0.000000 0.000000 1.000000 0.000000 531.000000 1.000000
10 3244.887695 148.096405 36.625000 0.000000 260.000000 360.000000 0.000000 0.000000 1.000000 0.000000 260.000000 1.000000
10 3795.817382 -625.527404 36.125000 0.000000 291.000000 360.000000 0.000000 0.000000 1.000000 0.000000 291.000000 1.000000
10 4021.191650 204.543563 -88.323219 0.000000 526.000000 360.000000 -0.242535 0.000000 0.970142 0.000000 526.000000 1.000000
10 3677.961181 -634.654052 36.625000 0.000000 295.000000 360.000000 0.000000 0.000000 1.000000 0.000000 295.000000 1.000000
10 3624.114990 -643.055541 36.625000 0.000000 282.000000 360.000000 0.000000 0.000000 1.000000 0.000000 282.000000 1.000000
12 3792.000000 992.000000 29.125000 0.000000 90.000000 0.000000 0.000000 0.000000 1.000000 0.000000 90.000000 0.000000
10 4017.131835 -702.381591 36.625000 0.000000 260.000000 360.000000 0.000000 0.000000 1.000000 0.000000 260.000000 1.000000
10 3234.892333 745.524353 36.625000 0.000000 486.000000 360.000000 0.000000 0.000000 1.000000 0.000000 486.000000 1.000000
12 2577.332275 356.056976 61.625000 0.000000 434.000000 360.000000 0.000000 0.000000 1.000000 0.000000 434.000000 1.000000
10 3180.837890 297.774658 36.625000 0.000000 219.000000 360.000000 0.000000 0.000000 1.000000 0.000000 219.000000 1.000000
14 2579.739013 258.718231 55.625000 0.000000 371.000000 360.000000 0.000000 0.000000 1.000000 0.000000 371.000000 1.000000
10 3808.416015 476.896484 36.625000 0.000000 392.000000 360.000000 0.000000 0.000000 1.000000 0.000000 392.000000 1.000000
9 2583.797851 478.838378 52.625000 0.000000 268.000000 360.000000 0.000000 0.000000 1.000000 0.000000 268.000000 1.000000
10 3084.552734 228.413848 58.922351 0.000000 398.000000 360.000000 0.447213 0.000000 0.894427 0.000000 398.000000 1.000000
10 4023.988769 -201.778625 -87.108543 0.000000 211.000000 360.000000 -0.242535 0.000000 0.970142 0.000000 211.000000 1.000000
