4 -1904.000000 -176.000000 -112.875000 0.000000 180.000000 0.000000 0.000000 0.000000 1.000000 0.000000 180.000000 0.000000
4 -1904.000000 176.000000 -112.875000 0.000000 90.000000 0.000000 0.000000 0.000000 1.000000 0.000000 90.000000 0.000000
14 1696.000000 200.000000 23.125000 0.000000 0.000000 0.000000 0.000000 0.000000 1.000000 0.000000 0.000000 0.000000
12 1616.000000 200.000000 29.125000 0.000000 90.000000 0.000000 0.000000 0.000000 1.000000 0.000000 90.000000 0.000000
10 1760.000000 64.000000 -107.875000 0.000000 180.000000 0.000000 0.000000 0.000000 1.000000 0.000000 180.000000 0.000000
10 1718.998779 -106.055870 36.625000 0.000000 509.000000 360.000000 0.000000 0.000000 1.000000 0.000000 509.000000 1.000000
10 1760.000000 -64.000000 -107.875000 0.000000 180.000000 0.000000 0.000000 0.000000 1.000000 0.000000 180.000000 0.000000
4 -1680.000000 -336.000000 31.125000 0.000000 0.000000 0.000000 0.000000 0.000000 1.000000 0.000000 0.000000 0.000000
4 -1712.000000 -176.000000 -112.875000 0.000000 90.000000 0.000000 0.000000 0.000000 1.000000 0.000000 90.000000 0.000000
4 -1712.000000 176.000000 -112.875000 0.000000 180.000000 0.000000 0.000000 0.000000 1.000000 0.000000 180.000000 0.000000
1 -1856.000000 448.000000 31.125000 0.000000 405.000000 0.000000 0.000000 0.000000 1.000000 0.000000 405.000000 0.000000
1 -1728.000000 320.000000 31.125000 0.000000 405.000000 0.000000 0.000000 0.000000 1.000000 0.000000 405.000000 0.000000
2 -1744.000000 448.000000 31.125000 0.000000 45.000000 0.000000 0.000000 0.000000 1.000000 0.000000 45.000000 0.000000
9 1792.000000 448.000000 20.125000 0.000000 495.000000 0.000000 0.000000 0.000000 1.000000 0.000000 495.000000 0.000000
9 1664.000000 320.000000 20.125000 0.000000 495.000000 0.000000 0.000000 0.000000 1.000000 0.000000 495.000000 0.000000
15 1664.000000 448.000000 31.125000 0.000000 0.000000 0.000000 0.000000 0.000000 1.000000 0.000000 0.000000 0.000000
4 -1968.299560 305.865783 31.625000 0.000000 450.000000 360.000000 0.000000 0.000000 1.000000 0.000000 450.000000 1.000000
4 -1896.000000 -304.000000 31.125000 0.000000 270.000000 0.000000 0.000000 0.000000 1.000000 0.000000 270.000000 0.000000
4 -2199.955078 160.837158 -24.382652 0.000000 300.000000 360.000000 0.000000 -0.447213 0.894427 0.000000 300.000000 1.000000
4 -2202.458007 207.073852 -1.264304 0.000000 321.000000 360.000000 0.000000 -0.447213 0.894427 0.000000 321.000000 1.000000
4 -2198.183593 -147.402282 -31.100090 0.000000 334.000000 360.000000 0.000000 0.447213 0.894427 0.000000 334.000000 1.000000
4 -2204.023681 -183.556167 -13.023147 0.000000 324.000000 360.000000 0.000000 0.447213 0.894427 0.000000 324.000000 1.000000
4 -2151.759765 -93.171859 -52.921352 0.000000 252.000000 360.000000 0.447213 0.000000 0.894427 0.000000 252.000000 1.000000
4 -2113.663574 -89.668067 -71.969444 0.000000 262.000000 360.000000 0.447213 0.000000 0.894427 0.000000 262.000000 1.000000
4 -2076.451416 -90.467498 -90.575523 0.000000 274.000000 360.000000 0.447213 0.000000 0.894427 0.000000 274.000000 1.000000
4 -2127.347412 102.182968 -65.127525 0.000000 462.000000 360.000000 0.447213 0.000000 0.894427 0.000000 462.000000 1.000000
4 -2079.194824 100.626647 -89.203819 0.000000 433.000000 360.000000 0.447213 0.000000 0.894427 0.000000 433.000000 1.000000
1 -2082.048339 -357.563140 31.625000 0.000000 324.000000 360.000000 0.000000 0.000000 1.000000 0.000000 324.000000 1.000000
1 -1955.629394 -345.075500 31.625000 0.000000 272.000000 360.000000 0.000000 0.000000 1.000000 0.000000 272.000000 1.000000
4 -1940.838256 -310.870269 31.625000 0.000000 283.000000 360.000000 0.000000 0.000000 1.000000 0.000000 283.000000 1.000000
1 -1891.947143 -357.893402 31.625000 0.000000 308.000000 360.000000 0.000000 0.000000 1.000000 0.000000 308.000000 1.000000
4 -2084.488769 -307.412658 31.625000 0.000000 308.000000 360.000000 0.000000 0.000000 1.000000 0.000000 308.000000 1.000000
4 -2144.856689 -338.162841 31.625000 0.000000 286.000000 360.000000 0.000000 0.000000 1.000000 0.000000 286.000000 1.000000
4 -2150.056640 -382.711853 31.625000 0.000000 314.000000 360.000000 0.000000 0.000000 1.000000 0.000000 314.000000 1.000000
4 -2202.238281 -213.589630 1.993584 0.000000 398.000000 360.000000 0.000000 0.447213 0.894427 0.000000 398.000000 1.000000
4 -1290.207275 8.092689 -91.252120 0.000000 301.000000 360.000000 -0.970142 0.000000 0.242535 0.000000 301.000000 1.000000
4 -1142.544067 38.108024 -88.246566 0.000000 257.000000 360.000000 0.970142 0.000000 0.242535 0.000000 257.000000 1.000000
1 92.399063 20.839752 -112.375000 0.000000 460.000000 360.000000 0.000000 0.000000 1.000000 0.000000 460.000000 1.000000
1 -167.965148 29.403972 -112.375000 0.000000 399.000000 360.000000 0.000000 0.000000 1.000000 0.000000 399.000000 1.000000
4 -147.198898 -15.933861 -112.375000 0.000000 369.000000 360.000000 0.000000 0.000000 1.000000 0.000000 369.000000 1.000000
4 -192.259140 -31.787971 -112.375000 0.000000 364.000000 360.000000 0.000000 0.000000 1.000000 0.000000 364.000000 1.000000
4 -221.563262 -143.602966 -112.375000 0.000000 353.000000 360.000000 0.000000 0.000000 1.000000 0.000000 353.000000 1.000000
4 -161.773681 -156.987960 -112.375000 0.000000 386.000000 360.000000 0.000000 0.000000 1.000000 0.000000 386.000000 1.000000
4 -193.354522 131.912307 -112.375000 0.000000 350.000000 360.000000 0.000000 0.000000 1.000000 0.000000 350.000000 1.000000
4 -223.049316 -96.882690 -112.375000 0.000000 401.000000 360.000000 0.000000 0.000000 1.000000 0.000000 401.000000 1.000000
4 -90.099861 113.114082 -112.375000 0.000000 324.000000 360.000000 0.000000 0.000000 1.000000 0.000000 324.000000 1.000000
4 -274.699707 18.500080 -112.375000 0.000000 400.000000 360.000000 0.000000 0.000000 1.000000 0.000000 400.000000 1.000000
4 22.700435 110.620819 -112.375000 0.000000 310.000000 360.000000 0.000000 0.000000 1.000000 0.000000 310.000000 1.000000
4 -252.828308 105.663169 -112.375000 0.000000 376.000000 360.000000 0.000000 0.000000 1.000000 0.000000 376.000000 1.000000
4 91.820724 152.959762 -112.375000 0.000000 300.000000 360.000000 0.000000 0.000000 1.000000 0.000000 300.000000 1.000000
4 185.803649 56.682964 -112.375000 0.000000 321.000000 360.000000 0.000000 0.000000 1.000000 0.000000 321.000000 1.000000
4 214.747894 -122.019989 -112.375000 0.000000 300.000000 360.000000 0.000000 0.000000 1.000000 0.000000 300.000000 1.000000
4 161.867446 -7.110374 -112.375000 0.000000 278.000000 360.000000 0.000000 0.000000 1.000000 0.000000 278.000000 1.000000
4 246.371063 40.437713 -112.375000 0.000000 436.000000 360.000000 0.000000 0.000000 1.000000 0.000000 436.000000 1.000000
4 254.532058 -39.600471 -112.375000 0.000000 421.000000 360.000000 0.000000 0.000000 1.000000 0.000000 421.000000 1.000000
4 264.602508 125.962844 -112.375000 0.000000 437.000000 360.000000 0.000000 0.000000 1.000000 0.000000 437.000000 1.000000
4 229.633178 222.891052 -112.375000 0.000000 496.000000 360.000000 0.000000 0.000000 1.000000 0.000000 496.000000 1.000000
4 195.220306 215.381713 -112.375000 0.000000 505.000000 360.000000 0.000000 0.000000 1.000000 0.000000 505.000000 1.000000
4 110.807937 -39.033306 -112.375000 0.000000 237.000000 360.000000 0.000000 0.000000 1.000000 0.000000 237.000000 1.000000
4 162.657882 187.583526 -112.375000 0.000000 528.000000 360.000000 0.000000 0.000000 1.000000 0.000000 528.000000 1.000000
4 166.076782 125.041702 -112.375000 0.000000 215.000000 360.000000 0.000000 0.000000 1.000000 0.000000 215.000000 1.000000
4 84.264282 -166.408691 -112.375000 0.000000 261.000000 360.000000 0.000000 0.000000 1.000000 0.000000 261.000000 1.000000
4 88.847991 -101.448928 -112.375000 0.000000 251.000000 360.000000 0.000000 0.000000 1.000000 0.000000 251.000000 1.000000
4 121.815681 -167.555175 -112.375000 0.000000 269.000000 360.000000 0.000000 0.000000 1.000000 0.000000 269.000000 1.000000
4 181.717712 -167.490966 -112.375000 0.000000 268.000000 360.000000 0.000000 0.000000 1.000000 0.000000 268.000000 1.000000
4 225.534637 -229.204437 -112.375000 0.000000 279.000000 360.000000 0.000000 0.000000 1.000000 0.000000 279.000000 1.000000
4 266.789062 -203.770935 -112.375000 0.000000 309.000000 360.000000 0.000000 0.000000 1.000000 0.000000 309.000000 1.000000
4 169.638305 -220.597991 -112.375000 0.000000 245.000000 360.000000 0.000000 0.000000 1.000000 0.000000 245.000000 1.000000
4 309.334167 -162.850097 -112.375000 0.000000 345.000000 360.000000 0.000000 0.000000 1.000000 0.000000 345.000000 1.000000
4 292.107543 -108.408470 -112.375000 0.000000 376.000000 360.000000 0.000000 0.000000 1.000000 0.000000 376.000000 1.000000
4 356.557189 -92.468315 -112.375000 0.000000 362.000000 360.000000 0.000000 0.000000 1.000000 0.000000 362.000000 1.000000
4 322.179290 -30.777160 -112.375000 0.000000 408.000000 360.000000 0.000000 0.000000 1.000000 0.000000 408.000000 1.000000
4 272.094757 -69.653388 -112.375000 0.000000 420.000000 360.000000 0.000000 0.000000 1.000000 0.000000 420.000000 1.000000
4 326.004821 44.541534 -112.375000 0.000000 413.000000 360.000000 0.000000 0.000000 1.000000 0.000000 413.000000 1.000000
4 288.942077 7.832069 -112.375000 0.000000 423.000000 360.000000 0.000000 0.000000 1.000000 0.000000 423.000000 1.000000
4 305.748687 78.772933 -112.375000 0.000000 430.000000 360.000000 0.000000 0.000000 1.000000 0.000000 430.000000 1.000000
4 355.460754 105.618934 -112.375000 0.000000 417.000000 360.000000 0.000000 0.000000 1.000000 0.000000 417.000000 1.000000
4 285.786529 172.607864 -112.375000 0.000000 466.000000 360.000000 0.000000 0.000000 1.000000 0.000000 466.000000 1.000000
4 -14.654502 185.421279 -112.375000 0.000000 530.000000 360.000000 0.000000 0.000000 1.000000 0.000000 530.000000 1.000000
4 54.596679 208.280960 -112.375000 0.000000 189.000000 360.000000 0.000000 0.000000 1.000000 0.000000 189.000000 1.000000
4 -67.851303 158.000793 -112.375000 0.000000 524.000000 360.000000 0.000000 0.000000 1.000000 0.000000 524.000000 1.000000
4 -181.761627 190.555770 -112.375000 0.000000 521.000000 360.000000 0.000000 0.000000 1.000000 0.000000 521.000000 1.000000
4 -353.297302 24.351493 -112.375000 0.000000 263.000000 360.000000 0.000000 0.000000 1.000000 0.000000 263.000000 1.000000
4 -284.222564 184.932937 -112.375000 0.000000 184.000000 360.000000 0.000000 0.000000 1.000000 0.000000 184.000000 1.000000
4 -355.818847 144.301803 -112.375000 0.000000 206.000000 360.000000 0.000000 0.000000 1.000000 0.000000 206.000000 1.000000
4 -378.684265 62.984405 -112.375000 0.000000 236.000000 360.000000 0.000000 0.000000 1.000000 0.000000 236.000000 1.000000
4 -308.986267 -47.873752 -112.375000 0.000000 290.000000 360.000000 0.000000 0.000000 1.000000 0.000000 290.000000 1.000000
4 -278.541809 -107.546890 -112.375000 0.000000 294.000000 360.000000 0.000000 0.000000 1.000000 0.000000 294.000000 1.000000
4 -266.373687 -181.215515 -112.375000 0.000000 286.000000 360.000000 0.000000 0.000000 1.000000 0.000000 286.000000 1.000000
4 -336.544738 -154.689361 -112.375000 0.000000 193.000000 360.000000 0.000000 0.000000 1.000000 0.000000 193.000000 1.000000
4 -365.676696 -74.715019 -112.375000 0.000000 489.000000 360.000000 0.000000 0.000000 1.000000 0.000000 489.000000 1.000000
4 -330.872985 86.140586 -112.375000 0.000000 432.000000 360.000000 0.000000 0.000000 1.000000 0.000000 432.000000 1.000000
4 -95.223205 200.551910 -112.375000 0.000000 395.000000 360.000000 0.000000 0.000000 1.000000 0.000000 395.000000 1.000000
4 36.621665 332.492523 -100.393142 0.000000 306.000000 360.000000 0.000000 0.970142 0.242535 0.000000 306.000000 1.000000
4 -32.951972 245.319427 -112.375000 0.000000 395.000000 360.000000 0.000000 0.000000 1.000000 0.000000 395.000000 1.000000
4 -1289.057495 87.742050 -86.652999 0.000000 322.000000 360.000000 -0.970142 0.000000 0.242535 0.000000 322.000000 1.000000
4 -1288.333740 -61.453964 -83.757980 0.000000 319.000000 360.000000 -0.970142 0.000000 0.242535 0.000000 319.000000 1.000000
4 -1550.713378 -105.460990 -112.375000 0.000000 260.000000 360.000000 0.000000 0.000000 1.000000 0.000000 260.000000 1.000000
4 -1575.330444 102.323089 -112.375000 0.000000 410.000000 360.000000 0.000000 0.000000 1.000000 0.000000 410.000000 1.000000
4 -1764.580444 198.519592 -112.375000 0.000000 453.000000 360.000000 0.000000 0.000000 1.000000 0.000000 453.000000 1.000000
4 -1951.266357 165.033752 -112.375000 0.000000 465.000000 360.000000 0.000000 0.000000 1.000000 0.000000 465.000000 1.000000
4 -1945.464233 -170.314147 -112.375000 0.000000 267.000000 360.000000 0.000000 0.000000 1.000000 0.000000 267.000000 1.000000
4 -1759.129272 -177.995834 -112.375000 0.000000 278.000000 360.000000 0.000000 0.000000 1.000000 0.000000 278.000000 1.000000
4 -1662.266235 -303.599731 31.625000 0.000000 295.000000 360.000000 0.000000 0.000000 1.000000 0.000000 295.000000 1.000000
4 -1686.944091 -398.489685 31.625000 0.000000 295.000000 360.000000 0.000000 0.000000 1.000000 0.000000 295.000000 1.000000
4 -1399.700439 -471.240509 3.049027 0.000000 358.000000 360.000000 0.447213 0.000000 0.894427 0.000000 358.000000 1.000000
4 -2200.444824 -369.423461 31.625000 0.000000 241.000000 360.000000 0.000000 0.000000 1.000000 0.000000 241.000000 1.000000
4 -2259.157714 -352.896911 31.625000 0.000000 225.000000 360.000000 0.000000 0.000000 1.000000 0.000000 225.000000 1.000000
4 -2281.332763 -296.882781 31.625000 0.000000 188.000000 360.000000 0.000000 0.000000 1.000000 0.000000 188.000000 1.000000
4 -2252.603515 157.345489 -26.128486 0.000000 277.000000 360.000000 0.000000 -0.447213 0.894427 0.000000 277.000000 1.000000
4 -2252.036132 188.516098 -10.543182 0.000000 280.000000 360.000000 0.000000 -0.447213 0.894427 0.000000 280.000000 1.000000
4 -2264.155517 226.176483 8.287010 0.000000 537.000000 360.000000 0.000000 -0.447213 0.894427 0.000000 537.000000 1.000000
4 -1683.806640 477.867797 31.625000 0.000000 449.000000 360.000000 0.000000 0.000000 1.000000 0.000000 449.000000 1.000000
4 -1965.005493 344.660461 31.625000 0.000000 539.000000 360.000000 0.000000 0.000000 1.000000 0.000000 539.000000 1.000000
4 -1959.673950 376.019958 31.625000 0.000000 520.000000 360.000000 0.000000 0.000000 1.000000 0.000000 520.000000 1.000000
1 -1912.347900 436.627593 31.625000 0.000000 451.000000 360.000000 0.000000 0.000000 1.000000 0.000000 451.000000 1.000000
1 -1723.485717 238.005828 31.625000 0.000000 369.000000 360.000000 0.000000 0.000000 1.000000 0.000000 369.000000 1.000000
1 -1805.270996 363.523559 31.625000 0.000000 415.000000 360.000000 0.000000 0.000000 1.000000 0.000000 415.000000 1.000000
4 -2102.067626 13.066219 -77.767417 0.000000 332.000000 360.000000 0.447213 0.000000 0.894427 0.000000 332.000000 1.000000
10 1893.988403 356.148651 36.625000 0.000000 376.000000 360.000000 0.000000 0.000000 1.000000 0.000000 376.000000 1.000000
10 1830.775146 346.631591 36.625000 0.000000 353.000000 360.000000 0.000000 0.000000 1.000000 0.000000 353.000000 1.000000
10 1774.886108 299.389190 36.625000 0.000000 302.000000 360.000000 0.000000 0.000000 1.000000 0.000000 302.000000 1.000000
10 1597.880859 345.555999 36.625000 0.000000 492.000000 360.000000 0.000000 0.000000 1.000000 0.000000 492.000000 1.000000
10 1697.825073 517.258789 36.625000 0.000000 495.000000 360.000000 0.000000 0.000000 1.000000 0.000000 495.000000 1.000000
10 1596.873657 278.595947 36.625000 0.000000 190.000000 360.000000 0.000000 0.000000 1.000000 0.000000 190.000000 1.000000
10 1878.972412 510.599822 36.625000 0.000000 395.000000 360.000000 0.000000 0.000000 1.000000 0.000000 395.000000 1.000000
10 1785.727294 158.156814 36.625000 0.000000 183.000000 360.000000 0.000000 0.000000 1.000000 0.000000 183.000000 1.000000
10 1788.096191 218.203552 36.625000 0.000000 521.000000 360.000000 0.000000 0.000000 1.000000 0.000000 521.000000 1.000000
10 2017.500366 354.977966 36.625000 0.000000 466.000000 360.000000 0.000000 0.000000 1.000000 0.000000 466.000000 1.000000
10 2135.592041 157.686462 36.625000 0.000000 247.000000 360.000000 0.000000 0.000000 1.000000 0.000000 247.000000 1.000000
10 2059.344726 156.677764 36.625000 0.000000 253.000000 360.000000 0.000000 0.000000 1.000000 0.000000 253.000000 1.000000
10 2203.813232 351.100433 36.625000 0.000000 413.000000 360.000000 0.000000 0.000000 1.000000 0.000000 413.000000 1.000000
10 2142.617675 380.468688 36.625000 0.000000 437.000000 360.000000 0.000000 0.000000 1.000000 0.000000 437.000000 1.000000
10 2084.093017 381.148498 36.625000 0.000000 455.000000 360.000000 0.000000 0.000000 1.000000 0.000000 455.000000 1.000000
10 2132.537841 -155.859222 36.625000 0.000000 455.000000 360.000000 0.000000 0.000000 1.000000 0.000000 455.000000 1.000000
10 2073.113037 -173.434783 36.625000 0.000000 473.000000 360.000000 0.000000 0.000000 1.000000 0.000000 473.000000 1.000000
10 2018.845825 -355.230255 36.625000 0.000000 218.000000 360.000000 0.000000 0.000000 1.000000 0.000000 218.000000 1.000000
10 2065.713867 -232.338073 36.625000 0.000000 487.000000 360.000000 0.000000 0.000000 1.000000 0.000000 487.000000 1.000000
10 2199.649414 -352.943725 36.625000 0.000000 344.000000 360.000000 0.000000 0.000000 1.000000 0.000000 344.000000 1.000000
10 2135.911132 -374.035583 36.625000 0.000000 309.000000 360.000000 0.000000 0.000000 1.000000 0.000000 309.000000 1.000000
10 2073.134033 -380.630310 36.625000 0.000000 280.000000 360.000000 0.000000 0.000000 1.000000 0.000000 280.000000 1.000000
9 1874.929321 428.811157 20.625000 0.000000 391.000000 360.000000 0.000000 0.000000 1.000000 0.000000 391.000000 1.000000
10 2016.224365 297.614868 36.625000 0.000000 182.000000 360.000000 0.000000 0.000000 1.000000 0.000000 182.000000 1.000000
10 2207.254882 35.165130 -43.375000 0.000000 264.000000 360.000000 0.000000 0.000000 1.000000 0.000000 264.000000 1.000000
10 2206.550781 -36.356796 -43.375000 0.000000 312.000000 360.000000 0.000000 0.000000 1.000000 0.000000 312.000000 1.000000
10 2202.821533 99.909950 -43.375000 0.000000 260.000000 360.000000 0.000000 0.000000 1.000000 0.000000 260.000000 1.000000
10 1827.577270 188.951995 -107.375000 0.000000 473.000000 360.000000 0.000000 0.000000 1.000000 0.000000 473.000000 1.000000
12 1909.101684 60.458839 -114.375000 0.000000 444.000000 360.000000 0.000000 0.000000 1.000000 0.000000 444.000000 1.000000
14 1896.098999 -40.871604 -120.375000 0.000000 448.000000 360.000000 0.000000 0.000000 1.000000 0.000000 448.000000 1.000000
10 1819.950561 -347.482269 36.625000 0.000000 252.000000 360.000000 0.000000 0.000000 1.000000 0.000000 252.000000 1.000000
10 1889.095092 -352.271453 36.625000 0.000000 273.000000 360.000000 0.000000 0.000000 1.000000 0.000000 273.000000 1.000000
10 1886.019287 -274.377258 36.625000 0.000000 274.000000 360.000000 0.000000 0.000000 1.000000 0.000000 274.000000 1.000000
10 1829.979125 -183.492889 -107.375000 0.000000 248.000000 360.000000 0.000000 0.000000 1.000000 0.000000 248.000000 1.000000
10 1814.526611 -8.402168 -107.375000 0.000000 508.000000 360.000000 0.000000 0.000000 1.000000 0.000000 508.000000 1.000000
10 1635.271850 -159.606872 -107.375000 0.000000 216.000000 360.000000 0.000000 0.000000 1.000000 0.000000 216.000000 1.000000
10 1593.732055 -352.683471 36.625000 0.000000 211.000000 360.000000 0.000000 0.000000 1.000000 0.000000 211.000000 1.000000
10 1644.167480 179.687866 -107.375000 0.000000 439.000000 360.000000 0.000000 0.000000 1.000000 0.000000 439.000000 1.000000
