15 1048.000000 -1192.000000 463.125000 0.000000 0.000000 0.000000 0.000000 0.000000 1.000000 0.000000 0.000000 0.000000
9 1143.629028 -1297.065673 452.625000 0.000000 486.000000 360.000000 0.000000 0.000000 1.000000 0.000000 486.000000 1.000000
10 1226.073974 -1268.327392 468.625000 0.000000 456.000000 360.000000 0.000000 0.000000 1.000000 0.000000 456.000000 1.000000
12 1176.000000 -1192.000000 461.125000 0.000000 0.000000 0.000000 0.000000 0.000000 1.000000 0.000000 0.000000 0.000000
10 1344.000000 -1600.000000 468.125000 0.000000 0.000000 0.000000 0.000000 0.000000 1.000000 0.000000 0.000000 0.000000
10 944.000000 -1216.000000 532.125000 0.000000 0.000000 0.000000 0.000000 0.000000 1.000000 0.000000 0.000000 0.000000
10 960.000000 -1472.000000 468.125000 0.000000 0.000000 0.000000 0.000000 0.000000 1.000000 0.000000 0.000000 0.000000
10 1128.000000 -1584.000000 532.125000 0.000000 0.000000 0.000000 0.000000 0.000000 1.000000 0.000000 0.000000 0.000000
2 -2448.000000 1952.000000 719.125000 0.000000 0.000000 0.000000 0.000000 0.000000 1.000000 0.000000 0.000000 0.000000
1 -2480.528564 2209.616210 719.625000 0.000000 349.000000 360.000000 0.000000 0.000000 1.000000 0.000000 349.000000 1.000000
4 -2703.718994 2423.034667 689.812622 0.000000 259.000000 360.000000 -0.490261 0.000000 0.871575 0.000000 259.000000 1.000000
4 -2472.000000 2344.000000 719.125000 0.000000 0.000000 0.000000 0.000000 0.000000 1.000000 0.000000 0.000000 0.000000
4 -2600.000000 2344.000000 719.125000 0.000000 0.000000 0.000000 0.000000 0.000000 1.000000 0.000000 0.000000 0.000000
14 1278.767333 -1196.567626 455.625000 0.000000 461.000000 360.000000 0.000000 0.000000 1.000000 0.000000 461.000000 1.000000
15 -1032.000000 144.000000 463.125000 0.000000 0.000000 0.000000 0.000000 0.000000 1.000000 0.000000 0.000000 0.000000
10 1362.736938 -1163.071899 468.625000 0.000000 415.000000 360.000000 0.000000 0.000000 1.000000 0.000000 415.000000 1.000000
10 1035.500732 -1311.747802 468.625000 0.000000 494.000000 360.000000 0.000000 0.000000 1.000000 0.000000 494.000000 1.000000
10 1030.607543 -1419.474975 468.625000 0.000000 536.000000 360.000000 0.000000 0.000000 1.000000 0.000000 536.000000 1.000000
10 865.206176 -1528.013061 468.625000 0.000000 182.000000 360.000000 0.000000 0.000000 1.000000 0.000000 182.000000 1.000000
10 1365.000488 -1222.532348 468.625000 0.000000 421.000000 360.000000 0.000000 0.000000 1.000000 0.000000 421.000000 1.000000
10 1361.961303 -1278.278442 468.625000 0.000000 405.000000 360.000000 0.000000 0.000000 1.000000 0.000000 405.000000 1.000000
10 1190.145385 -1526.442016 468.625000 0.000000 247.000000 360.000000 0.000000 0.000000 1.000000 0.000000 247.000000 1.000000
10 1273.069946 -1525.763549 468.625000 0.000000 270.000000 360.000000 0.000000 0.000000 1.000000 0.000000 270.000000 1.000000
10 1372.062866 -1659.780029 468.625000 0.000000 365.000000 360.000000 0.000000 0.000000 1.000000 0.000000 365.000000 1.000000
10 1363.268798 -1730.492553 468.625000 0.000000 344.000000 360.000000 0.000000 0.000000 1.000000 0.000000 344.000000 1.000000
10 1295.132446 -1807.312255 548.625000 0.000000 227.000000 360.000000 0.000000 0.000000 1.000000 0.000000 227.000000 1.000000
10 1293.365234 -1870.893310 548.625000 0.000000 209.000000 360.000000 0.000000 0.000000 1.000000 0.000000 209.000000 1.000000
14 -926.429809 185.763122 455.625000 0.000000 459.000000 360.000000 0.000000 0.000000 1.000000 0.000000 459.000000 1.000000
10 1375.090820 -1982.713989 468.625000 0.000000 363.000000 360.000000 0.000000 0.000000 1.000000 0.000000 363.000000 1.000000
9 -902.928955 228.932312 516.625000 0.000000 430.000000 360.000000 0.000000 0.000000 1.000000 0.000000 430.000000 1.000000
12 -1006.149047 231.950286 461.625000 0.000000 529.000000 360.000000 0.000000 0.000000 1.000000 0.000000 529.000000 1.000000
10 -1165.973632 31.653079 468.625000 0.000000 535.000000 360.000000 0.000000 0.000000 1.000000 0.000000 535.000000 1.000000
10 -894.541992 -4.283103 468.625000 0.000000 440.000000 360.000000 0.000000 0.000000 1.000000 0.000000 440.000000 1.000000
4 -2698.258789 2348.213867 719.625000 0.000000 482.000000 360.000000 0.000000 0.000000 1.000000 0.000000 482.000000 1.000000
4 -2659.545654 2362.162109 719.625000 0.000000 457.000000 360.000000 0.000000 0.000000 1.000000 0.000000 457.000000 1.000000
4 -2550.327148 2504.057861 719.625000 0.000000 532.000000 360.000000 0.000000 0.000000 1.000000 0.000000 532.000000 1.000000
4 -2558.607666 2451.583251 719.625000 0.000000 187.000000 360.000000 0.000000 0.000000 1.000000 0.000000 187.000000 1.000000
4 -2563.830078 2403.588623 719.625000 0.000000 207.000000 360.000000 0.000000 0.000000 1.000000 0.000000 207.000000 1.000000
1 -2881.712890 1870.280517 719.625000 0.000000 211.000000 360.000000 0.000000 0.000000 1.000000 0.000000 211.000000 1.000000
4 -2427.534667 1904.346069 463.625000 0.000000 330.000000 360.000000 0.000000 0.000000 1.000000 0.000000 330.000000 1.000000
4 -2487.506591 1888.571777 463.625000 0.000000 306.000000 360.000000 0.000000 0.000000 1.000000 0.000000 306.000000 1.000000
