9 -1363.786743 -2921.068359 4.125000 0.000000 462.000000 360.000000 0.000000 0.000000 1.000000 0.000000 462.000000 1.000000
12 -1260.009765 -2929.898681 13.125000 0.000000 438.000000 360.000000 0.000000 0.000000 1.000000 0.000000 438.000000 1.000000
10 -1766.335937 -2906.258544 20.125000 0.000000 475.000000 360.000000 0.000000 0.000000 1.000000 -358.476684 440.000000 1.000000
10 -1766.255615 -2967.554443 20.125000 0.000000 490.000000 360.000000 0.000000 0.000000 1.000000 -358.198852 445.000000 1.000000
14 -1255.633911 -3007.006835 7.125000 0.000000 423.000000 360.000000 0.000000 0.000000 1.000000 0.000000 423.000000 1.000000
10 -1455.766235 -2912.800292 20.125000 0.000000 432.000000 360.000000 0.000000 0.000000 1.000000 -359.491363 116.905364 1.000000
1 -415.122802 42.121196 15.125000 0.000000 298.000000 360.000000 0.000000 0.000000 1.000000 0.000000 298.000000 1.000000
4 -512.000000 64.000000 15.125000 0.000000 0.000000 0.000000 0.000000 0.000000 1.000000 0.000000 0.000000 0.000000
4 -57.404102 22.243661 15.125000 0.000000 249.000000 360.000000 0.000000 0.000000 1.000000 0.000000 249.000000 1.000000
4 -74.834602 56.714195 15.125000 0.000000 234.000000 360.000000 0.000000 0.000000 1.000000 0.000000 234.000000 1.000000
4 -344.792907 24.540138 15.125000 0.000000 231.000000 360.000000 0.000000 0.000000 1.000000 0.000000 231.000000 1.000000
4 -399.290954 77.388359 15.125000 0.000000 318.000000 360.000000 0.000000 0.000000 1.000000 0.000000 318.000000 1.000000
2 -655.346618 52.539638 15.125001 0.000000 282.000000 360.000000 0.000000 0.000000 1.000000 0.000000 282.000000 1.000000
4 -408.641784 142.359191 15.125000 0.000000 319.000000 360.000000 0.000000 0.000000 1.000000 0.000000 319.000000 1.000000
1 -984.589660 263.921508 15.125000 0.000000 321.000000 360.000000 0.000000 0.000000 1.000000 0.000000 321.000000 1.000000
4 -94.524368 18.482429 15.125000 0.000000 274.000000 360.000000 0.000000 0.000000 1.000000 0.000000 274.000000 1.000000
4 -636.270507 441.088104 15.125000 0.000000 353.000000 360.000000 0.000000 0.000000 1.000000 0.000000 353.000000 1.000000
3 -645.144714 144.808197 15.125001 0.000000 280.000000 360.000000 0.000000 0.000000 1.000000 0.000000 280.000000 1.000000
15 -1137.710815 -2937.787353 15.125000 0.000000 502.000000 360.000000 0.000000 0.000000 1.000000 0.000000 502.000000 1.000000
4 -630.731933 482.131683 15.125000 0.000000 355.000000 360.000000 0.000000 0.000000 1.000000 0.000000 355.000000 1.000000
10 -1559.035400 -3167.458251 20.125000 0.000000 443.000000 360.000000 0.000000 0.000000 1.000000 -358.096527 110.483940 1.000000
4 -412.703521 111.105003 15.125000 0.000000 327.000000 360.000000 0.000000 0.000000 1.000000 0.000000 327.000000 1.000000
4 -461.947631 146.770874 15.125000 0.000000 334.000000 360.000000 0.000000 0.000000 1.000000 0.000000 334.000000 1.000000
4 -381.025146 154.442123 77.068931 0.000000 354.000000 360.000000 0.000000 0.948683 0.316227 0.000000 354.000000 1.000000
4 -711.986816 117.489936 15.125000 0.000000 342.000000 360.000000 0.000000 0.000000 1.000000 0.000000 342.000000 1.000000
4 -717.499938 69.254714 15.125000 0.000000 315.000000 360.000000 0.000000 0.000000 1.000000 0.000000 315.000000 1.000000
4 -724.879760 25.825098 15.125000 0.000000 328.000000 360.000000 0.000000 0.000000 1.000000 0.000000 328.000000 1.000000
3 -718.974426 177.586074 15.125001 0.000000 385.000000 360.000000 0.000000 0.000000 1.000000 0.000000 385.000000 1.000000
4 -964.787780 232.085952 15.125000 0.000000 436.000000 360.000000 0.000000 0.000000 1.000000 0.000000 436.000000 1.000000
4 -1008.425048 218.399673 15.125000 0.000000 443.000000 360.000000 0.000000 0.000000 1.000000 0.000000 443.000000 1.000000
4 -1026.401855 255.863647 15.125000 0.000000 375.000000 360.000000 0.000000 0.000000 1.000000 0.000000 375.000000 1.000000
4 -1023.719726 286.214355 15.125000 0.000000 363.000000 360.000000 0.000000 0.000000 1.000000 0.000000 363.000000 1.000000
4 -985.669250 300.325897 15.125000 0.000000 288.000000 360.000000 0.000000 0.000000 1.000000 0.000000 288.000000 1.000000
4 -942.166442 293.654052 47.125000 0.000000 299.000000 360.000000 0.000000 0.000000 1.000000 0.000000 299.000000 1.000000
4 -800.737731 602.143127 -16.875000 0.000000 406.000000 360.000000 0.000000 0.000000 1.000000 0.000000 406.000000 1.000000
4 -804.968261 709.137268 -16.875000 0.000000 458.000000 360.000000 0.000000 0.000000 1.000000 0.000000 458.000000 1.000000
4 -986.854125 601.694030 -16.875000 0.000000 485.000000 360.000000 0.000000 0.000000 1.000000 0.000000 485.000000 1.000000
4 -667.011474 473.409484 15.125000 0.000000 397.000000 360.000000 0.000000 0.000000 1.000000 0.000000 397.000000 1.000000
4 -437.094665 185.003204 15.125000 0.000000 265.000000 360.000000 0.000000 0.000000 1.000000 0.000000 265.000000 1.000000
4 -24.644744 50.260948 15.125000 0.000000 274.000000 360.000000 0.000000 0.000000 1.000000 0.000000 274.000000 1.000000
10 -1379.382446 -3013.672851 20.125000 0.000000 489.000000 360.000000 0.000000 0.000000 1.000000 0.000000 489.000000 1.000000
10 -1320.686889 -3005.242919 20.125000 0.000000 457.000000 360.000000 0.000000 0.000000 1.000000 -359.475769 402.000000 1.000000
9 -649.702819 -3349.504150 4.125000 0.000000 298.000000 360.000000 0.000000 0.000000 1.000000 0.000000 298.000000 1.000000
12 -677.255310 -2939.266113 13.125000 0.000000 408.000000 360.000000 0.000000 0.000000 1.000000 0.000000 408.000000 1.000000
10 -661.222961 -3022.503417 20.125000 0.000000 362.000000 360.000000 0.000000 0.000000 1.000000 -359.059906 327.000000 1.000000
10 -1155.648925 -3019.824951 20.125000 0.000000 191.000000 360.000000 0.000000 0.000000 1.000000 -359.286773 246.000000 1.000000
10 -801.745056 -3171.207763 20.625000 0.000000 481.000000 360.000000 0.000000 0.000000 1.000000 -351.988952 266.443572 1.000000
10 -1151.618286 -3359.413330 20.625000 0.000000 236.000000 360.000000 0.000000 0.000000 1.000000 -359.157653 291.000000 1.000000
14 -764.880004 -2929.975585 7.125000 0.000000 461.000000 360.000000 0.000000 0.000000 1.000000 0.000000 461.000000 1.000000
12 -803.720092 -3093.563232 13.625000 0.000000 270.000000 360.000000 0.000000 0.000000 1.000000 0.000000 270.000000 1.000000
