15 1876.825317 484.188415 31.625001 0.000000 416.000000 360.000000 0.000000 0.000000 1.000000 0.000000 416.000000 1.000000
14 1794.229858 371.389373 23.625000 0.000000 331.000000 360.000000 0.000000 0.000000 1.000000 0.000000 331.000000 1.000000
10 1594.316894 259.444213 36.625000 0.000000 275.000000 360.000000 0.000000 0.000000 1.000000 -0.839909 320.000000 1.000000
13 1635.953613 504.613494 29.625000 0.000000 439.000000 360.000000 0.000000 0.000000 1.000000 0.000000 439.000000 1.000000
2 -1744.000000 448.000000 31.125000 0.000000 45.000000 0.000000 0.000000 0.000000 1.000000 0.000000 45.000000 0.000000
10 2060.230712 188.652282 36.625000 0.000000 353.000000 360.000000 0.000000 0.000000 1.000000 -1.370903 118.846603 1.000000
4 -1665.874511 172.026123 31.125000 0.000000 336.000000 360.000000 0.000000 0.000000 1.000000 0.000000 336.000000 1.000000
4 -2199.388183 -210.991043 0.135277 0.000000 405.000000 360.000000 0.000000 0.447213 0.894427 0.000000 405.000000 1.000000
9 1792.000000 448.000000 20.125000 0.000000 495.000000 0.000000 0.000000 0.000000 1.000000 0.000000 495.000000 0.000000
11 1897.025146 321.672821 56.625000 0.000000 349.000000 360.000000 0.000000 0.000000 1.000000 0.000000 349.000000 1.000000
4 -1904.000000 -176.000000 -112.875000 0.000000 180.000000 0.000000 0.000000 0.000000 1.000000 0.000000 180.000000 0.000000
12 1877.824462 400.116699 29.625001 0.000000 358.000000 360.000000 0.000000 0.000000 1.000000 0.000000 358.000000 1.000000
4 -1873.090698 -337.697845 31.125000 0.000000 342.000000 360.000000 0.000000 0.000000 1.000000 0.000000 342.000000 1.000000
4 -1896.000000 -304.000000 31.125000 0.000000 270.000000 0.000000 0.000000 0.000000 1.000000 0.000000 270.000000 0.000000
4 -1679.408935 477.747283 31.125000 0.000000 447.000000 360.000000 0.000000 0.000000 1.000000 0.000000 447.000000 1.000000
4 -2191.092773 214.492324 1.885916 0.000000 329.000000 360.000000 0.000000 -0.447213 0.894427 0.000000 329.000000 1.000000
10 1716.676635 485.157135 36.625000 0.000000 401.000000 360.000000 0.000000 0.000000 1.000000 0.000000 401.000000 1.000000
4 -1904.000000 176.000000 -112.875000 0.000000 90.000000 0.000000 0.000000 0.000000 1.000000 0.000000 90.000000 0.000000
4 -1910.932861 -345.750213 31.125000 0.000000 299.000000 360.000000 0.000000 0.000000 1.000000 0.000000 299.000000 1.000000
10 1599.802978 356.477905 36.625000 0.000000 186.000000 360.000000 0.000000 0.000000 1.000000 -0.601456 340.148864 1.000000
1 -1955.953125 495.604492 31.125000 0.000000 449.000000 360.000000 0.000000 0.000000 1.000000 0.000000 449.000000 1.000000
8 -1770.764648 116.359077 36.125000 0.000000 354.000000 360.000000 0.000000 0.000000 1.000000 0.000000 354.000000 1.000000
1 -1662.336669 204.127304 31.125000 0.000000 359.000000 360.000000 0.000000 0.000000 1.000000 0.000000 359.000000 1.000000
3 -1956.235229 219.005050 31.125000 0.000000 405.000000 360.000000 0.000000 0.000000 1.000000 0.000000 405.000000 1.000000
3 -1883.073242 159.951644 31.125000 0.000000 371.000000 360.000000 0.000000 0.000000 1.000000 0.000000 371.000000 1.000000
4 -1905.852661 -175.599151 31.125000 0.000000 349.000000 360.000000 0.000000 0.000000 1.000000 0.000000 349.000000 1.000000
4 -1889.178344 228.197235 31.125000 0.000000 209.000000 360.000000 0.000000 0.000000 1.000000 0.000000 209.000000 1.000000
4 -1954.251831 279.370025 31.125000 0.000000 206.000000 360.000000 0.000000 0.000000 1.000000 0.000000 206.000000 1.000000
4 -2196.976806 183.636367 -13.542059 0.000000 274.000000 360.000000 0.000000 -0.447213 0.894427 0.000000 274.000000 1.000000
4 -2199.567626 -177.609939 -16.555276 0.000000 390.000000 360.000000 0.000000 0.447213 0.894427 0.000000 390.000000 1.000000
4 -1871.720214 185.212738 -112.875000 0.000000 447.000000 360.000000 0.000000 0.000000 1.000000 0.000000 447.000000 1.000000
4 -1871.143554 -183.382507 -112.875000 0.000000 266.000000 360.000000 0.000000 0.000000 1.000000 0.000000 266.000000 1.000000
4 -1873.910156 -272.640319 31.125000 0.000000 315.000000 360.000000 0.000000 0.000000 1.000000 0.000000 315.000000 1.000000
1 -2077.101318 -356.615692 31.125000 0.000000 285.000000 360.000000 0.000000 0.000000 1.000000 0.000000 285.000000 1.000000
4 -2068.163085 -322.250427 31.125000 0.000000 296.000000 360.000000 0.000000 0.000000 1.000000 0.000000 296.000000 1.000000
4 -2116.404541 -366.067687 31.125000 0.000000 305.000000 360.000000 0.000000 0.000000 1.000000 0.000000 305.000000 1.000000
4 -1909.308593 -233.796951 31.125000 0.000000 345.000000 360.000000 0.000000 0.000000 1.000000 0.000000 345.000000 1.000000
4 -1837.758300 -260.948699 119.176902 0.000000 341.000000 360.000000 0.000000 0.894427 0.447213 0.000000 341.000000 1.000000
3 -1850.758422 -215.885833 31.125000 0.000000 347.000000 360.000000 0.000000 0.000000 1.000000 0.000000 347.000000 1.000000
4 -1860.503662 -162.123825 31.125000 0.000000 347.000000 360.000000 0.000000 0.000000 1.000000 0.000000 347.000000 1.000000
4 -2130.576660 -398.454956 31.125000 0.000000 313.000000 360.000000 0.000000 0.000000 1.000000 0.000000 313.000000 1.000000
4 -2070.143066 357.314392 31.125000 0.000000 394.000000 360.000000 0.000000 0.000000 1.000000 0.000000 394.000000 1.000000
4 -2110.854492 -324.309417 31.125000 0.000000 314.000000 360.000000 0.000000 0.000000 1.000000 0.000000 314.000000 1.000000
4 -2066.088378 -278.776123 31.125000 0.000000 313.000000 360.000000 0.000000 0.000000 1.000000 0.000000 313.000000 1.000000
10 1651.010253 255.721130 36.625000 0.000000 264.000000 360.000000 0.000000 0.000000 1.000000 -0.204023 358.408966 1.000000
14 2140.322753 181.962249 23.625000 0.000000 280.000000 360.000000 0.000000 0.000000 1.000000 0.000000 280.000000 1.000000
9 1679.958129 409.089111 20.625000 0.000000 522.000000 360.000000 0.000000 0.000000 1.000000 0.000000 522.000000 1.000000
