2 1247.407592 584.888061 3867.625000 0.000000 526.000000 360.000000 0.000000 0.000000 1.000000 0.000000 526.000000 1.000000
15 397.914611 312.187927 15.624999 0.000000 456.000000 360.000000 0.000000 0.000000 1.000000 0.000000 456.000000 1.000000
12 315.625244 286.065490 13.625000 0.000000 407.000000 360.000000 0.000000 0.000000 1.000000 0.000000 407.000000 1.000000
1 1030.253662 273.013519 2972.375000 0.000000 239.000000 540.000000 0.000000 0.000000 -1.000000 -1.000000 239.000000 0.000000
11 462.140472 244.601867 40.625000 0.000000 419.000000 360.000000 0.000000 0.000000 1.000000 0.000000 419.000000 1.000000
1 1489.961181 599.142578 3867.625000 0.000000 359.000000 360.000000 0.000000 0.000000 1.000000 0.000000 359.000000 1.000000
4 1455.869018 579.910339 3867.625000 0.000000 397.000000 360.000000 0.000000 0.000000 1.000000 0.000000 397.000000 1.000000
3 1345.135620 588.286743 3867.625000 0.000000 467.000000 360.000000 0.000000 0.000000 1.000000 0.000000 467.000000 1.000000
1 1271.892211 351.591430 3996.375000 0.000000 456.000000 540.000000 0.000000 0.000000 -1.000000 0.000000 456.000000 0.000000
3 1389.083862 335.129486 3867.625000 0.000000 464.000000 360.000000 0.000000 0.000000 1.000000 0.000000 464.000000 1.000000
1 1310.569458 350.205383 3867.625000 0.000000 462.000000 360.000000 0.000000 0.000000 1.000000 0.000000 462.000000 1.000000
6 1293.694946 282.214569 3861.625000 0.000000 490.000000 360.000000 0.000000 0.000000 1.000000 0.000000 490.000000 1.000000
3 1401.229614 249.556335 3867.625000 0.000000 451.000000 360.000000 0.000000 0.000000 1.000000 0.000000 451.000000 1.000000
7 1846.339233 178.675247 3877.625000 0.000000 508.000000 360.000000 0.000000 0.000000 1.000000 0.000000 508.000000 1.000000
1 1586.252929 1376.760009 3867.625000 0.000000 252.000000 360.000000 0.000000 0.000000 1.000000 0.000000 252.000000 1.000000
5 1343.375244 1365.121093 3996.375000 0.000000 244.000000 540.000000 0.000000 0.000000 -1.000000 -1.000000 244.000000 0.000000
7 1355.438232 1429.566650 3986.375000 0.000000 246.000000 540.000000 0.000000 0.000000 -1.000000 -1.000000 246.000000 0.000000
4 1346.684448 1503.900146 3996.375000 0.000000 225.000000 540.000000 0.000000 0.000000 -1.000000 -1.000000 225.000000 0.000000
4 1575.967163 1419.364013 3867.625000 0.000000 248.000000 360.000000 0.000000 0.000000 1.000000 0.000000 248.000000 1.000000
7 1496.444335 1373.043090 3986.375000 0.000000 257.000000 180.000000 0.000000 0.000000 -1.000000 -1.000000 257.000000 0.000000
4 1495.369995 1463.584838 3996.375000 0.000000 245.000000 540.000000 0.000000 0.000000 -1.000000 -1.000000 245.000000 0.000000
1 1231.653198 1337.742431 2715.625000 0.000000 293.000000 360.000000 0.000000 0.000000 1.000000 0.000000 293.000000 1.000000
4 1265.394287 1445.713623 2715.625000 0.000000 344.000000 360.000000 0.000000 0.000000 1.000000 0.000000 344.000000 1.000000
4 1268.720092 1403.685058 2715.625000 0.000000 325.000000 360.000000 0.000000 0.000000 1.000000 0.000000 325.000000 1.000000
1 1236.371948 1341.279541 2844.375000 0.000000 282.000000 180.000000 0.000000 0.000000 -1.000000 0.000000 282.000000 0.000000
5 871.625000 272.332305 2856.488281 0.000000 222.000000 256.000000 1.000000 0.000000 0.000000 1.000000 222.000000 0.000000
9 399.213012 212.689010 4.625000 0.000000 476.000000 360.000000 0.000000 0.000000 1.000000 0.000000 476.000000 1.000000
14 229.193069 314.314819 7.625000 0.000000 458.000000 360.000000 0.000000 0.000000 1.000000 0.000000 458.000000 1.000000
9 224.151824 169.943389 4.625000 0.000000 462.000000 360.000000 0.000000 0.000000 1.000000 0.000000 462.000000 1.000000
11 170.111968 309.722747 40.625000 0.000000 488.000000 360.000000 0.000000 0.000000 1.000000 0.000000 488.000000 1.000000
10 243.210266 244.591064 20.625000 0.000000 280.000000 360.000000 0.000000 0.000000 1.000000 0.000000 280.000000 1.000000
10 409.465026 53.873558 20.625000 0.000000 344.000000 360.000000 0.000000 0.000000 1.000000 0.000000 344.000000 1.000000
10 598.852111 283.090393 20.625000 0.000000 440.000000 360.000000 0.000000 0.000000 1.000000 0.000000 440.000000 1.000000
16 1035.168945 -2957.363525 2711.625000 0.000000 467.000000 360.000000 0.000000 0.000000 1.000000 0.000000 467.000000 1.000000
12 1109.887573 -2952.612304 2709.625000 0.000000 523.000000 360.000000 0.000000 0.000000 1.000000 0.000000 523.000000 1.000000
9 1268.648681 -2970.710937 2700.625000 0.000000 379.000000 360.000000 0.000000 0.000000 1.000000 0.000000 379.000000 1.000000
11 1184.207641 -2951.973144 2736.625000 0.000000 509.000000 360.000000 0.000000 0.000000 1.000000 0.000000 509.000000 1.000000
10 1384.120849 -2989.705566 2716.625000 0.000000 370.000000 360.000000 0.000000 0.000000 1.000000 0.000000 370.000000 1.000000
14 1094.497802 -3032.997070 2703.625000 0.000000 482.000000 360.000000 0.000000 0.000000 1.000000 0.000000 482.000000 1.000000
10 1046.189086 -3099.429443 2716.625000 0.000000 525.000000 360.000000 0.000000 0.000000 1.000000 0.000000 525.000000 1.000000
10 1573.170654 -3117.657470 2716.625000 0.000000 242.000000 360.000000 0.000000 0.000000 1.000000 0.000000 242.000000 1.000000
16 1205.859985 -1784.119628 2711.625000 0.000000 266.000000 360.000000 0.000000 0.000000 1.000000 0.000000 266.000000 1.000000
14 1209.253662 -1719.889282 2703.625000 0.000000 265.000000 360.000000 0.000000 0.000000 1.000000 0.000000 265.000000 1.000000
10 1215.054077 -1597.004516 2716.625000 0.000000 451.000000 360.000000 0.000000 0.000000 1.000000 0.000000 451.000000 1.000000
