0 1055.000000 -124.000000 230.000000 1 1200 1200 1200 1200 1 5000 0
1 1189.000000 -130.000000 297.000000 0 2 1200 1200 1200 1 5000 0
2 1544.000000 -111.000000 431.000000 1 3 1200 1200 1200 1 5000 0
3 1525.000000 181.000000 527.000000 2 4 1200 1200 1200 1 5000 0
4 1248.000000 147.000000 551.000000 3 9 1200 1200 1200 1 5000 0
5 1275.000000 338.000000 559.000000 6 1200 1200 1200 1200 1 5000 0
6 1226.000000 639.000000 559.000000 5 7 1200 1200 1200 1 5000 0
7 720.000000 639.000000 559.000000 6 8 1200 1200 1200 1 5000 0
8 592.000000 647.000000 459.000000 7 1200 1200 1200 1200 1 5000 0
9 1333.000000 -620.000000 559.000000 4 10 1200 1200 1200 1 5000 0
10 2434.000000 -661.000000 567.000000 9 11 1200 1200 1200 1 5000 0
11 2367.000000 -1093.000000 463.000000 10 12 1200 1200 1200 1 5000 0
12 2181.000000 -1170.000000 463.000000 11 13 1200 1200 1200 1 5000 0
13 1897.000000 -1137.000000 367.000000 12 14 57 1200 1200 1 5000 0
14 1924.000000 -878.000000 279.000000 13 15 1200 1200 1200 1 5000 0
15 2198.000000 -905.000000 191.000000 14 16 1200 1200 1200 1 5000 0
16 2166.000000 -1176.000000 103.000000 15 17 1200 1200 1200 1 5000 0
17 1897.000000 -1146.000000 15.000000 16 18 119 1200 1200 1 5000 0
18 1921.000000 -871.000000 -40.000000 17 19 1200 1200 1200 1 5000 0
19 2196.000000 -893.000000 -128.000000 18 20 1200 1200 1200 1 5000 0
20 2182.000000 -1178.000000 -208.000000 19 21 1200 1200 1200 1 5000 0
21 1839.000000 -1062.000000 -208.000000 20 22 1200 1200 1200 1 5000 0
22 1447.000000 -1112.000000 -208.000000 21 23 1200 1200 1200 1 5000 0
23 1488.000000 -1353.000000 -208.000000 22 24 1200 1200 1200 1 5000 0
24 1742.000000 -1373.000000 -208.000000 23 25 27 1200 1200 1 5000 0
25 1702.000000 -1606.000000 -208.000000 24 26 1200 1200 1200 1 5000 0
26 1205.000000 -1606.000000 -208.000000 25 59 60 1200 1200 1 5000 0
27 2026.000000 -1350.000000 -208.000000 24 28 86 1200 1200 1 5000 0
28 2341.000000 -1333.000000 -208.000000 27 29 1200 1200 1200 1 5000 0
29 2346.000000 -686.000000 -208.000000 28 30 1200 1200 1200 1 5000 0
30 1496.000000 -703.000000 -208.000000 29 32 1200 1200 1200 1 5000 0
31 1019.000000 -716.000000 -208.000000 32 33 1200 1200 1200 1 5000 0
32 1245.000000 -611.000000 -220.000000 30 31 1200 1200 1200 1 5000 0
33 616.000000 -699.000000 -208.000000 31 34 63 1200 1200 1 5000 0
34 622.000000 -573.000000 -208.000000 33 35 1200 1200 1200 1 5000 0
35 382.000000 -560.000000 -208.000000 34 36 1200 1200 1200 1 5000 0
36 373.000000 -262.000000 -208.000000 35 37 104 105 1200 1 5000 0
37 383.000000 78.000000 -208.000000 36 38 1200 1200 1200 1 5000 0
38 578.000000 115.000000 -200.000000 37 39 1200 1200 1200 1 5000 0
39 577.000000 304.000000 -144.000000 38 40 1200 1200 1200 1 5000 0
40 272.000000 428.000000 -135.000000 39 41 1200 1200 1200 1 5000 0
41 649.000000 446.000000 15.000000 40 42 1200 1200 1200 1 5000 0
42 679.000000 647.000000 15.000000 41 43 106 1200 1200 1 5000 0
43 328.000000 638.000000 15.000000 42 44 1200 1200 1200 1 5000 0
44 -19.000000 604.000000 15.000000 43 107 1200 1200 1200 1 5000 0
45 8.000000 8.000000 15.000000 107 46 112 1200 1200 1 5000 0
46 66.000000 -117.000000 15.000000 45 47 1200 1200 1200 1 5000 0
47 67.000000 -279.000000 15.000000 46 48 1200 1200 1200 1 5000 0
48 -72.000000 -285.000000 15.000000 47 49 70 1200 1200 1 5000 0
49 -36.000000 -518.000000 15.000000 48 50 91 1200 1200 1 5000 0
50 -41.000000 -845.000000 15.000000 49 51 1200 1200 1200 1 5000 0
51 225.000000 -922.000000 15.000000 50 52 1200 1200 1200 1 5000 0
52 507.000000 -731.000000 15.000000 51 53 1200 1200 1200 1 5000 0
53 808.000000 -751.000000 79.000000 52 54 1200 1200 1200 1 5000 0
54 965.000000 -857.000000 79.000000 53 55 117 1200 1200 1 5000 0
55 967.000000 -1214.000000 207.000000 54 56 1200 1200 1200 1 5000 0
56 1387.000000 -1203.000000 367.000000 55 57 1200 1200 1200 1 5000 0
57 1768.000000 -1148.000000 367.000000 56 13 1200 1200 1200 1 5000 0
58 1676.000000 -2192.000000 -199.000000 59 87 1200 1200 1200 1 5000 0
59 1147.000000 -2148.000000 -199.000000 58 26 115 122 1200 1 5000 0
60 1110.000000 -1226.000000 -199.000000 26 61 1200 1200 1200 1 5000 0
61 391.000000 -1191.000000 -199.000000 60 62 1200 1200 1200 1 5000 0
62 400.000000 -816.000000 -199.000000 61 63 1200 1200 1200 1 5000 0
63 661.000000 -818.000000 -199.000000 62 1200 33 1200 1200 1 5000 0
64 1389.000000 28.000000 303.000000 66 1200 1200 1200 1200 1 5000 0
65 1427.000000 -138.000000 303.000000 66 88 1200 1200 1200 1 5000 0
66 1165.000000 129.000000 285.000000 65 67 1200 1200 1200 1 5000 0
67 915.000000 120.000000 203.000000 66 68 1200 1200 1200 1 5000 0
68 620.000000 129.000000 170.000000 67 69 1200 1200 1200 1 5000 0
69 192.000000 134.000000 175.000000 68 71 1200 1200 1200 1 5000 0
70 414.000000 -271.000000 15.000000 73 48 1200 1200 1200 1 5000 0
71 17.000000 37.000000 175.000000 69 75 1200 1200 1200 1 5000 0
72 511.000000 257.000000 15.000000 75 1200 73 1200 1200 1 5000 0
73 397.000000 107.000000 15.000000 72 74 70 114 1200 1 5000 0
74 789.000000 260.000000 15.000000 73 85 1200 1200 1200 1 5000 0
75 1.000000 290.000000 175.000000 71 72 1200 1200 1200 1 5000 0
76 463.000000 -904.000000 15.000000 77 1200 1200 1200 1200 1 5000 0
77 761.000000 -934.000000 15.000000 76 78 1200 1200 1200 1 5000 0
78 806.000000 -1674.000000 15.000000 77 79 1200 1200 1200 1 5000 0
79 1247.000000 -1658.000000 15.000000 78 80 121 1200 1200 1 5000 0
80 1271.000000 -1112.000000 15.000000 79 81 96 97 1200 1 5000 0
81 1182.000000 -982.000000 15.000000 80 82 1200 1200 1200 1 5000 0
82 1192.000000 42.000000 15.000000 81 83 1200 1200 1200 1 5000 0
83 1287.000000 133.000000 15.000000 82 84 102 103 1200 1 5000 0
84 1241.000000 514.000000 15.000000 83 85 103 1200 1200 1 5000 0
85 927.000000 512.000000 15.000000 84 74 106 1200 1200 1 5000 0
86 2138.000000 -1743.000000 -199.000000 27 89 1200 1200 1200 1 5000 0
87 1864.000000 -2332.000000 -199.000000 58 90 1200 1200 1200 1 5000 0
88 1527.000000 2.000000 303.000000 65 1200 1200 1200 1200 1 5000 0
89 2257.000000 -1961.000000 -199.000000 86 90 1200 1200 1200 1 5000 0
90 2105.000000 -2257.000000 -188.000000 89 87 1200 1200 1200 1 5000 0
91 269.000000 -511.000000 24.000000 49 92 1200 1200 1200 1 5000 0
92 574.000000 -511.000000 24.000000 91 93 1200 1200 1200 1 5000 0
93 723.000000 -583.000000 24.000000 92 94 1200 1200 1200 1 5000 0
94 1001.000000 -589.000000 24.000000 93 95 1200 1200 1200 1 5000 0
95 1185.000000 -583.000000 24.000000 94 96 1200 1200 1200 1 5000 0
96 1207.000000 -842.000000 24.000000 95 80 1200 1200 1200 1 5000 0
97 1363.000000 -850.000000 24.000000 80 98 1200 1200 1200 1 5000 0
98 1363.000000 -610.000000 24.000000 97 99 101 1200 1200 1 5000 0
99 1478.000000 -448.000000 24.000000 98 100 1200 1200 1200 1 5000 0
100 1674.000000 -551.000000 24.000000 99 1200 1200 1200 1200 1 5000 0
101 1353.000000 -362.000000 24.000000 98 102 1200 1200 1200 1 5000 0
102 1357.000000 -110.000000 24.000000 101 83 1200 1200 1200 1 5000 0
103 1281.000000 236.000000 24.000000 83 84 1200 1200 1200 1 5000 0
104 43.000000 -256.000000 -199.000000 36 1200 1200 1200 1200 1 5000 0
105 729.000000 -251.000000 -199.000000 36 1200 1200 1200 1200 1 5000 0
106 911.000000 642.000000 24.000000 85 42 1200 1200 1200 1 5000 0
107 -6.000000 255.000000 24.000000 44 45 108 1200 1200 1 5000 0
108 -250.000000 254.000000 24.000000 107 109 110 111 1200 1 5000 0
109 -403.000000 410.000000 24.000000 108 1200 1200 1200 1200 1 5000 0
110 -479.000000 99.000000 24.000000 108 1200 1200 1200 1200 1 5000 0
111 -526.000000 258.000000 24.000000 108 118 1200 1200 1200 1 5000 0
112 180.000000 11.000000 24.000000 45 113 1200 1200 1200 1 5000 0
113 174.000000 271.000000 24.000000 112 114 1200 1200 1200 1 5000 0
114 286.000000 261.000000 24.000000 113 73 1200 1200 1200 1 5000 0
115 843.000000 -2189.000000 -199.000000 59 1200 1200 1200 1200 1 5000 0
116 1036.000000 -1178.000000 88.000000 117 1200 1200 1200 1200 1 5000 0
117 1057.000000 -910.000000 88.000000 116 54 1200 1200 1200 1 5000 0
118 -496.000000 451.000000 24.000000 111 1200 1200 1200 1200 1 5000 0
119 1687.000000 -1150.000000 24.000000 17 120 1200 1200 1200 1 5000 0
120 1686.000000 -1372.000000 24.000000 119 121 1200 1200 1200 1 5000 0
121 1652.000000 -1651.000000 24.000000 120 79 1200 1200 1200 1 5000 0
122 1155.000000 -2500.000000 -199.000000 59 1200 1200 1200 1200 0 10000 0
