0 2245.000000 1631.000000 38.000000 2 1200 1200 1200 1200 0 6000 1
1 2114.000000 1492.000000 66.000000 2 1200 1200 1200 1200 0 6000 0
2 2394.000000 1474.000000 56.000000 0 1 3 100 1200 0 6000 0
3 2462.000000 1411.000000 56.000000 2 4 1200 1200 1200 0 6000 0
4 2740.000000 1436.000000 -79.000000 3 5 1200 1200 1200 0 6000 0
5 2769.000000 1309.000000 -87.000000 4 6 1200 1200 1200 0 6000 0
6 2613.000000 1217.000000 -87.000000 5 7 1200 1200 1200 0 6000 0
7 2321.000000 1268.000000 -87.000000 6 8 1200 1200 1200 0 6000 0
8 2105.000000 1303.000000 -87.000000 7 9 1200 1200 1200 0 6000 0
9 2006.000000 1197.000000 -87.000000 8 10 1200 1200 1200 0 6000 0
10 1703.000000 1233.000000 -87.000000 9 11 1200 1200 1200 0 6000 0
11 1482.000000 1173.000000 -87.000000 10 12 1200 1200 1200 0 6000 0
12 1537.000000 922.000000 -87.000000 11 13 1200 1200 1200 0 6000 0
13 1505.000000 538.000000 -87.000000 12 14 1200 1200 1200 0 6000 0
14 1512.000000 149.000000 -23.000000 13 15 1200 1200 1200 0 6000 0
15 1520.000000 -63.000000 -23.000000 14 16 1200 1200 1200 0 6000 0
16 1356.000000 -107.000000 -23.000000 15 17 1200 1200 1200 0 6000 0
17 999.000000 -85.000000 -23.000000 16 18 1200 1200 1200 0 6000 0
18 816.000000 -90.000000 -23.000000 17 19 1200 1200 1200 0 6000 0
19 629.000000 -103.000000 -31.000000 18 20 23 1200 1200 0 6000 0
20 369.000000 -117.000000 -31.000000 19 21 1200 1200 1200 0 6000 0
21 361.000000 89.000000 -31.000000 20 22 24 1200 1200 0 6000 0
22 481.000000 145.000000 -31.000000 21 23 1200 1200 1200 0 6000 0
23 634.000000 150.000000 -31.000000 22 19 1200 1200 1200 0 6000 0
24 229.000000 87.000000 -23.000000 21 25 1200 1200 1200 0 6000 0
25 -27.000000 95.000000 -23.000000 24 26 1200 1200 1200 0 6000 0
26 -339.000000 78.000000 -23.000000 25 27 1200 1200 1200 0 6000 0
27 -399.000000 129.000000 -23.000000 26 28 1200 1200 1200 0 6000 0
28 -539.000000 -2.000000 -23.000000 27 29 1200 1200 1200 0 6000 0
29 -483.000000 -229.000000 -23.000000 28 30 1200 1200 1200 0 6000 0
30 -556.000000 -432.000000 -39.000000 29 31 1200 1200 1200 0 6000 0
31 -515.000000 -702.000000 -87.000000 30 32 1200 1200 1200 0 6000 0
32 -543.000000 -948.000000 -87.000000 31 33 1200 1200 1200 0 6000 0
33 -500.000000 -1084.000000 -87.000000 32 34 1200 1200 1200 0 6000 0
34 -600.000000 -1241.000000 -87.000000 33 35 1200 1200 1200 0 6000 0
35 -802.000000 -1241.000000 -87.000000 34 36 1200 1200 1200 0 6000 0
36 -1083.000000 -1245.000000 -87.000000 35 37 41 1200 1200 0 6000 0
37 -1119.000000 -1490.000000 -87.000000 36 38 1200 1200 1200 0 6000 0
38 -1225.000000 -1595.000000 -87.000000 37 39 42 1200 1200 0 6000 0
39 -1351.000000 -1437.000000 -87.000000 38 40 1200 1200 1200 0 6000 0
40 -1327.000000 -1191.000000 -87.000000 39 41 1200 1200 1200 0 6000 0
41 -1254.000000 -1112.000000 -87.000000 40 36 48 1200 1200 0 6000 0
42 -1248.000000 -1797.000000 -87.000000 38 43 1200 1200 1200 0 6000 0
43 -1540.000000 -1796.000000 0.000000 42 44 1200 1200 1200 0 6000 0
44 -1926.000000 -1795.000000 104.000000 43 45 1200 1200 1200 0 6000 0
45 -1921.000000 -1488.000000 160.000000 44 46 1200 1200 1200 0 6000 0
46 -1677.000000 -1459.000000 152.000000 45 47 1200 1200 1200 0 6000 0
47 -1651.000000 -1252.000000 155.000000 46 1200 1200 1200 1200 0 6000 0
48 -1250.000000 -645.000000 -87.000000 41 49 1200 1200 1200 0 6000 0
49 -1021.000000 -614.000000 -87.000000 48 50 1200 1200 1200 0 6000 0
50 -1097.000000 -333.000000 -87.000000 49 51 1200 1200 1200 0 6000 0
51 -1062.000000 -13.000000 -87.000000 50 52 54 55 1200 0 6000 0
52 -1312.000000 0.000000 -87.000000 51 53 1200 1200 1200 0 6000 0
53 -1337.000000 299.000000 -87.000000 52 54 1200 1200 1200 0 6000 0
54 -1090.000000 229.000000 -87.000000 53 51 1200 1200 1200 0 6000 0
55 -947.000000 86.000000 -87.000000 51 56 1200 1200 1200 0 6000 0
56 -924.000000 348.000000 -23.000000 55 57 1200 1200 1200 0 6000 0
57 -1330.000000 309.000000 112.000000 56 58 1200 1200 1200 0 6000 0
58 -1332.000000 -4.000000 216.000000 57 59 1200 1200 1200 0 6000 0
59 -1065.000000 0.000000 280.000000 58 60 1200 1200 1200 0 6000 0
60 -641.000000 -18.000000 280.000000 59 61 1200 1200 1200 0 6000 0
61 -488.000000 -233.000000 280.000000 60 62 1200 1200 1200 0 6000 0
62 -150.000000 -218.000000 280.000000 61 63 73 1200 1200 0 6000 0
63 -134.000000 73.000000 280.000000 62 64 1200 1200 1200 0 6000 0
64 -16.000000 394.000000 280.000000 63 65 1200 1200 1200 0 6000 0
65 263.000000 463.000000 280.000000 64 66 1200 1200 1200 0 6000 0
66 480.000000 401.000000 280.000000 65 67 75 76 1200 0 6000 0
67 940.000000 444.000000 280.000000 66 68 1200 1200 1200 0 6000 0
68 1080.000000 262.000000 280.000000 67 69 70 1200 1200 0 6000 0
69 1171.000000 24.000000 280.000000 68 70 86 1200 1200 0 6000 0
70 1013.000000 -350.000000 280.000000 69 68 71 1200 1200 0 6000 0
71 778.000000 -502.000000 280.000000 70 72 1200 1200 1200 0 6000 0
72 475.000000 -373.000000 280.000000 71 73 74 77 1200 0 6000 0
73 133.000000 -472.000000 280.000000 72 62 1200 1200 1200 0 6000 0
74 413.000000 -103.000000 384.000000 72 75 77 79 1200 0 6000 0
75 420.000000 118.000000 384.000000 74 66 76 79 1200 0 6000 0
76 560.000000 113.000000 384.000000 66 75 78 1200 1200 0 6000 0
77 575.000000 -84.000000 384.000000 72 74 78 1200 1200 0 6000 0
78 683.000000 5.000000 413.000000 77 76 83 1200 1200 0 6000 0
79 279.000000 -2.000000 411.000000 75 74 80 1200 1200 0 6000 0
80 61.000000 11.000000 504.000000 79 81 82 1200 1200 0 6000 0
81 75.000000 -197.000000 504.000000 80 1200 1200 1200 1200 0 6000 0
82 127.000000 194.000000 504.000000 80 1200 1200 1200 1200 0 6000 0
83 901.000000 -1.000000 504.000000 78 84 85 1200 1200 0 6000 0
84 893.000000 210.000000 504.000000 83 1200 1200 1200 1200 0 6000 0
85 901.000000 -154.000000 504.000000 83 1200 1200 1200 1200 0 6000 0
86 1399.000000 22.000000 284.000000 69 87 89 90 1200 0 6000 0
87 1562.000000 118.000000 280.000000 86 88 1200 1200 1200 0 6000 0
88 2009.000000 123.000000 280.000000 87 91 1200 1200 1200 0 6000 0
89 1278.000000 -127.000000 284.000000 86 1200 1200 1200 1200 0 6000 0
90 1279.000000 148.000000 280.000000 86 1200 1200 1200 1200 0 6000 0
91 2008.000000 347.000000 280.000000 88 92 1200 1200 1200 0 6000 0
92 2188.000000 361.000000 280.000000 91 1200 103 1200 1200 0 6000 1
95 2607.000000 368.000000 56.000000 1200 96 1200 104 1200 0 6000 0
96 2575.000000 726.000000 56.000000 95 97 1200 1200 1200 0 6000 0
97 2593.000000 1090.000000 56.000000 96 98 1200 1200 1200 0 6000 0
98 2837.000000 1083.000000 56.000000 97 99 1200 1200 1200 0 6000 0
99 2835.000000 1515.000000 56.000000 98 100 1200 1200 1200 0 6000 0
100 2478.000000 1505.000000 56.000000 2 99 1200 1200 1200 0 6000 0
101 2193.000000 338.000000 56.000000 1200 102 1200 1200 1200 0 6000 0
102 2164.000000 510.000000 57.000000 101 103 1200 1200 1200 0 6000 1
103 2128.000000 502.000000 310.000000 102 92 1200 1200 1200 0 6000 0
104 2465.000000 453.000000 56.000000 95 1200 1200 1200 1200 0 6000 0
