0 3876.000000 -393.000000 56.000000 1 1200 1200 1200 1200 0 10000 0
1 3735.000000 -404.000000 56.000000 0 2 1200 1200 1200 0 10000 0
2 3745.000000 -572.000000 56.000000 1 3 125 1200 1200 0 10000 0
3 3824.000000 -725.000000 56.000000 2 68 1200 1200 1200 0 10000 0
4 3814.000000 -1518.000000 56.000000 68 5 1200 1200 1200 0 10000 0
5 3826.000000 -2049.000000 56.000000 4 6 150 1200 1200 0 10000 0
6 3799.000000 -2301.000000 56.000000 5 7 1200 1200 1200 0 10000 0
7 3261.000000 -2296.000000 28.000000 6 8 1200 1200 1200 0 10000 0
8 2689.000000 -2308.000000 0.000000 7 9 57 1200 1200 0 10000 0
9 2703.000000 -1610.000000 16.000000 8 10 1200 1200 1200 0 10000 0
10 1500.000000 -1595.000000 16.000000 9 11 1200 1200 1200 0 10000 0
11 1510.000000 -891.000000 16.000000 10 12 30 1200 1200 0 10000 0
12 1601.000000 -211.000000 16.000000 11 13 1200 1200 1200 0 10000 0
13 1111.000000 334.000000 16.000000 12 14 1200 1200 1200 0 10000 0
14 -165.000000 230.000000 96.000000 13 15 43 1200 1200 0 10000 0
15 -609.000000 660.000000 120.000000 14 16 44 1200 1200 0 10000 0
16 -648.000000 2104.000000 168.000000 15 116 1200 1200 1200 0 10000 0
17 -428.000000 2121.000000 168.000000 18 116 1200 1200 1200 0 10000 0
18 -343.000000 1544.000000 272.000000 17 19 1200 1200 1200 0 10000 0
19 -415.000000 926.000000 472.000000 18 20 1200 1200 1200 0 10000 0
20 -743.000000 910.000000 536.000000 19 21 1200 1200 1200 0 10000 0
21 -686.000000 691.000000 536.000000 20 22 54 1200 1200 0 10000 0
22 -137.000000 625.000000 536.000000 21 23 1200 1200 1200 0 10000 0
23 -79.000000 384.000000 536.000000 22 24 31 1200 1200 0 10000 0
24 206.000000 386.000000 536.000000 23 25 1200 1200 1200 0 10000 0
25 235.000000 69.000000 504.000000 24 26 1200 1200 1200 0 10000 0
26 518.000000 218.000000 424.000000 25 27 1200 1200 1200 0 10000 0
27 487.000000 770.000000 288.000000 26 28 1200 1200 1200 0 10000 0
28 911.000000 775.000000 176.000000 27 29 1200 1200 1200 0 10000 0
29 923.000000 280.000000 144.000000 28 30 1200 1200 1200 0 10000 0
30 1362.000000 -213.000000 96.000000 29 11 1200 1200 1200 0 10000 0
31 -124.000000 -163.000000 552.000000 23 32 1200 1200 1200 0 10000 0
32 -662.000000 -200.000000 536.000000 31 33 54 1200 1200 0 10000 0
33 -654.000000 -433.000000 536.000000 32 34 1200 1200 1200 0 10000 0
34 -422.000000 -478.000000 496.000000 33 35 1200 1200 1200 0 10000 0
35 -422.000000 -1105.000000 424.000000 34 36 1200 1200 1200 0 10000 0
36 -651.000000 -1213.000000 360.000000 35 37 1200 1200 1200 0 10000 0
37 -1004.000000 -1120.000000 320.000000 36 38 1200 1200 1200 0 10000 0
38 -937.000000 -655.000000 240.000000 37 39 1200 1200 1200 0 10000 0
39 -642.000000 -682.000000 192.000000 38 40 1200 1200 1200 0 10000 0
40 -641.000000 -1148.000000 104.000000 39 41 1200 1200 1200 0 10000 0
41 -1202.000000 -1375.000000 8.000000 40 42 56 1200 1200 0 10000 0
42 -410.000000 -1570.000000 16.000000 41 133 1200 1200 1200 0 10000 0
43 -411.000000 -81.000000 96.000000 133 14 44 1200 1200 0 10000 0
44 -891.000000 246.000000 112.000000 43 15 45 1200 1200 0 10000 0
45 -1226.000000 137.000000 152.000000 44 46 1200 1200 1200 0 10000 0
46 -1257.000000 375.000000 152.000000 45 47 1200 1200 1200 0 10000 0
47 -2030.000000 136.000000 176.000000 46 48 1200 1200 1200 0 10000 0
48 -2329.000000 -38.000000 168.000000 47 49 55 1200 1200 0 10000 0
49 -2342.000000 398.000000 216.000000 48 50 1200 1200 1200 0 10000 0
50 -1706.000000 377.000000 296.000000 49 51 1200 1200 1200 0 10000 0
51 -1668.000000 745.000000 384.000000 50 52 1200 1200 1200 0 10000 0
52 -1315.000000 683.000000 480.000000 51 53 1200 1200 1200 0 10000 0
53 -1264.000000 237.000000 536.000000 52 54 1200 1200 1200 0 10000 0
54 -1063.000000 244.000000 536.000000 53 32 21 1200 1200 0 10000 0
55 -2313.000000 -978.000000 120.000000 48 56 1200 1200 1200 0 10000 0
56 -2374.000000 -1318.000000 64.000000 55 41 1200 1200 1200 0 10000 0
57 2124.000000 -2313.000000 48.000000 8 58 1200 1200 1200 0 10000 0
58 2126.000000 -2618.000000 96.000000 57 59 1200 1200 1200 0 10000 0
59 1860.000000 -2594.000000 152.000000 58 60 1200 1200 1200 0 10000 0
60 1870.000000 -2292.000000 192.000000 59 61 1200 1200 1200 0 10000 0
61 2131.000000 -2285.000000 264.000000 60 62 64 66 1200 0 10000 0
62 2673.000000 -2587.000000 264.000000 61 63 1200 1200 1200 0 10000 0
63 2986.000000 -2414.000000 266.000000 62 1200 1200 1200 1200 0 10000 0
64 2657.000000 -2038.000000 264.000000 61 65 1200 1200 1200 0 10000 0
65 2989.000000 -2182.000000 268.000000 64 1200 1200 1200 1200 0 10000 0
66 2101.000000 -1981.000000 304.000000 61 67 1200 1200 1200 0 10000 0
67 1851.000000 -2010.000000 376.000000 66 1200 1200 1200 1200 0 10000 0
68 3901.000000 -974.000000 56.000000 3 4 69 1200 1200 0 10000 0
69 4365.000000 -1143.000000 56.000000 68 70 1200 1200 1200 0 10000 0
70 4344.000000 -939.000000 56.000000 69 71 119 144 1200 0 10000 0
71 4308.000000 -346.000000 56.000000 70 72 1200 1200 1200 0 10000 0
72 4332.000000 -54.000000 56.000000 71 118 85 1200 1200 0 10000 0
73 5918.000000 -28.000000 56.000000 118 74 1200 1200 1200 0 10000 0
74 5903.000000 -893.000000 56.000000 73 75 1200 1200 1200 0 10000 0
75 5446.000000 -1018.000000 56.000000 74 76 79 1200 1200 0 10000 0
76 5154.000000 -1047.000000 56.000000 75 1200 152 1200 1200 0 10000 0
77 5022.000000 -1791.000000 56.000000 1200 78 152 1200 1200 0 10000 0
78 4929.000000 -2025.000000 56.000000 77 150 149 151 1200 0 5000 0
79 5495.000000 -1419.000000 164.000000 75 80 1200 1200 1200 0 10000 0
80 5936.000000 -1382.000000 256.000000 79 126 1200 1200 1200 0 10000 0
81 5862.000000 -34.000000 256.000000 126 82 1200 1200 1200 0 10000 0
82 4560.000000 -60.000000 256.000000 81 83 86 1200 1200 0 10000 0
83 3885.000000 -11.000000 240.000000 82 84 1200 1200 1200 0 10000 0
84 4010.000000 367.000000 152.000000 83 85 1200 1200 1200 0 10000 0
85 4276.000000 269.000000 80.000000 84 72 1200 1200 1200 0 10000 0
86 4562.000000 861.000000 226.000000 82 87 1200 1200 1200 0 10000 0
87 3958.000000 846.000000 198.000000 86 88 1200 1200 1200 0 10000 0
88 3945.000000 1780.000000 156.000000 87 89 145 1200 1200 0 10000 0
89 3935.000000 2793.000000 172.000000 88 90 1200 1200 1200 0 10000 0
90 3272.000000 2811.000000 186.000000 89 91 1200 1200 1200 0 10000 0
91 3275.000000 3516.000000 124.000000 90 1200 133 134 1200 0 10000 0
92 2856.000000 4286.000000 -11.000000 137 1200 134 136 1200 0 10000 0
93 2107.000000 4733.000000 -143.000000 137 1200 139 140 1200 0 10000 0
94 945.000000 4762.000000 -275.000000 143 95 96 140 1200 0 10000 0
95 423.000000 4625.000000 -275.000000 94 1200 1200 1200 1200 0 10000 1
96 946.000000 3859.000000 -275.000000 94 97 100 1200 1200 0 10000 0
97 602.000000 3860.000000 -275.000000 96 98 1200 1200 1200 0 10000 0
98 604.000000 2900.000000 -275.000000 97 99 1200 148 1200 0 10000 0
99 -329.000000 2900.000000 -275.000000 98 127 1200 1200 1200 0 10000 2
100 978.000000 2876.000000 -107.000000 96 101 1200 1200 1200 0 10000 0
101 163.000000 2943.000000 -107.000000 100 102 1200 1200 1200 0 10000 0
102 160.000000 3860.000000 -55.000000 101 103 1200 1200 1200 0 10000 0
103 -312.000000 3882.000000 -27.000000 102 104 1200 1200 1200 0 10000 0
104 -315.000000 4222.000000 -55.000000 103 105 106 108 109 0 10000 0
105 -663.000000 4084.000000 -3.000000 104 1200 1200 1200 1200 0 10000 0
106 142.000000 4228.000000 16.000000 104 107 1200 1200 1200 0 10000 0
107 138.000000 4494.000000 72.000000 106 1200 1200 1200 1200 0 10000 0
108 -556.000000 4671.000000 -27.000000 104 1200 1200 1200 1200 0 10000 0
109 -810.000000 4403.000000 78.000000 104 110 1200 1200 1200 0 10000 0
110 -903.000000 3815.000000 114.000000 109 111 1200 1200 1200 0 10000 0
111 -1512.000000 3806.000000 154.000000 110 112 1200 1200 1200 0 10000 0
112 -1492.000000 3456.000000 154.000000 111 113 1200 1200 1200 0 10000 0
113 -917.000000 3478.000000 186.000000 112 114 131 1200 1200 0 10000 0
114 -915.000000 2547.000000 168.000000 113 115 1200 1200 1200 0 10000 0
115 -526.000000 2528.000000 168.000000 114 116 1200 1200 1200 0 10000 0
116 -523.000000 2208.000000 168.000000 115 17 16 1200 1200 0 10000 0
117 1738.000000 2925.000000 -275.000000 151 148 149 1200 1200 0 5000 0
118 5348.000000 -16.000000 56.000000 72 73 1200 1200 1200 0 10000 0
119 4533.000000 -950.000000 67.000000 70 120 1200 1200 1200 0 10000 0
120 4590.000000 -804.000000 56.000000 119 1200 1200 1200 1200 0 10000 0
121 3501.000000 -1350.000000 176.000000 122 1200 1200 1200 1200 0 10000 0
122 3495.000000 -1041.000000 176.000000 121 123 1200 1200 1200 0 10000 0
123 3496.000000 -789.000000 208.000000 122 124 1200 1200 1200 0 10000 0
124 3485.000000 -767.000000 72.000000 123 125 1200 1200 1200 0 10000 2
125 3493.000000 -545.000000 72.000000 124 2 1200 1200 1200 0 10000 0
126 5919.000000 -770.000000 256.000000 80 81 1200 1200 1200 0 10000 0
127 -327.000000 3016.000000 -7.000000 99 128 1200 1200 1200 0 10000 0
128 -309.000000 3392.000000 -31.000000 127 129 1200 1200 1200 0 10000 0
129 -578.000000 3398.000000 -31.000000 128 130 1200 1200 1200 0 10000 2
130 -567.000000 3293.000000 236.000000 129 131 1200 1200 1200 0 10000 0
131 -753.000000 3297.000000 199.000000 130 113 1200 1200 1200 0 10000 1
132 3027.000000 3540.000000 101.000000 91 1200 1200 1200 1200 0 10000 0
133 -407.000000 -652.000000 24.000000 43 42 147 146 1200 0 5000 0
134 3065.000000 3955.000000 45.000000 91 135 92 1200 1200 0 10000 0
135 2844.000000 3836.000000 35.000000 134 1200 1200 1200 1200 0 10000 0
136 2643.000000 4135.000000 -30.000000 92 1200 1200 1200 1200 0 10000 0
137 2467.000000 4544.000000 -86.000000 92 138 93 1200 1200 0 10000 0
138 2342.000000 4335.000000 -96.000000 137 1200 1200 1200 1200 0 10000 0
139 2066.000000 4483.000000 -162.000000 93 1200 1200 1200 1200 0 10000 0
140 1670.000000 4754.000000 -218.000000 93 141 94 1200 1200 0 10000 0
141 1669.000000 4507.000000 -228.000000 140 1200 1200 1200 1200 0 10000 0
142 1300.000000 4579.000000 -294.000000 143 1200 1200 1200 1200 0 10000 0
143 1277.000000 4698.000000 -284.000000 142 94 1200 1200 1200 0 10000 0
144 4456.000000 -691.000000 56.000000 70 1200 1200 1200 1200 0 10000 0
145 3569.000000 1762.000000 156.000000 88 146 147 1200 1200 0 5000 0
146 3567.000000 1511.000000 142.000000 145 133 1200 1200 1200 0 2000 0
147 -593.000000 -653.000000 6.000000 133 145 1200 1200 1200 0 2000 0
148 1218.000000 2933.000000 -275.000000 98 117 1200 1200 1200 0 10000 0
149 1733.000000 3519.000000 -264.000000 78 117 1200 1200 1200 0 5000 0
150 4328.000000 -2046.000000 56.000000 78 5 1200 1200 1200 0 10000 0
151 4938.000000 -2263.000000 64.000000 78 117 1200 1200 1200 0 10000 0
152 5160.000000 -1773.000000 56.000000 76 77 1200 1200 1200 0 10000 0
