2 2074.000000 -166.000000 895.125000 0.000000 -90.000000 0.000000 0.000000 0.000000 1.000000 0.000000 -90.000000 0.000000
1 2016.000000 616.000000 895.125000 0.000000 180.000000 0.000000 0.000000 0.000000 1.000000 0.000000 180.000000 0.000000
9 -744.000000 -168.000000 884.125000 0.000000 180.000000 0.000000 0.000000 0.000000 1.000000 0.000000 180.000000 0.000000
9 -752.000000 608.000000 884.125000 0.000000 178.596649 0.000000 0.000000 0.000000 1.000000 0.000000 178.596649 0.000000
4 1490.922729 398.516143 769.497619 0.000000 269.000000 360.000000 0.000000 -0.316227 0.948683 0.000000 269.000000 1.000000
4 2024.000000 440.000000 759.125000 0.000000 0.000000 0.000000 0.000000 0.000000 1.000000 0.000000 0.000000 0.000000
4 1904.000000 120.000000 759.125000 0.000000 0.000000 0.000000 0.000000 0.000000 1.000000 0.000000 0.000000 0.000000
10 -968.000000 264.000000 876.125000 0.000000 0.000000 0.000000 0.000000 0.000000 1.000000 0.000000 0.000000 0.000000
10 -896.000000 -152.000000 764.125000 0.000000 0.000000 0.000000 0.000000 0.000000 1.000000 0.000000 0.000000 0.000000
10 -896.000000 600.000000 764.125000 0.000000 0.000000 0.000000 0.000000 0.000000 1.000000 0.000000 0.000000 0.000000
10 -896.000000 488.000000 764.125000 0.000000 0.000000 0.000000 0.000000 0.000000 1.000000 0.000000 0.000000 0.000000
10 -896.000000 -40.000000 764.125000 0.000000 0.000000 0.000000 0.000000 0.000000 1.000000 0.000000 0.000000 0.000000
12 -887.337890 209.494491 757.125000 0.000000 274.000000 360.000000 0.000000 0.000000 1.000000 0.000000 274.000000 1.000000
14 -807.714538 227.644363 751.125000 0.000000 281.000000 360.000000 0.000000 0.000000 1.000000 0.000000 281.000000 1.000000
10 -968.000000 184.000000 876.125000 0.000000 0.000000 0.000000 0.000000 0.000000 1.000000 0.000000 0.000000 0.000000
4 2536.000000 -112.000000 727.125000 0.000000 0.000000 0.000000 0.000000 0.000000 1.000000 0.000000 0.000000 0.000000
1 1904.000000 368.000000 759.125000 0.000000 180.000000 0.000000 0.000000 0.000000 1.000000 0.000000 180.000000 0.000000
4 2040.000000 -24.000000 895.125000 0.000000 0.000000 0.000000 0.000000 0.000000 1.000000 0.000000 0.000000 0.000000
4 2536.000000 560.000000 727.125000 0.000000 0.000000 0.000000 0.000000 0.000000 1.000000 0.000000 0.000000 0.000000
4 2000.000000 432.000000 895.125000 0.000000 0.000000 0.000000 0.000000 0.000000 1.000000 0.000000 0.000000 0.000000
10 -736.812744 384.222351 900.125000 0.000000 410.000000 360.000000 0.000000 0.000000 1.000000 0.000000 410.000000 1.000000
15 -736.000000 224.000000 895.125000 0.000000 180.000000 0.000000 0.000000 0.000000 1.000000 0.000000 180.000000 0.000000
10 -729.048400 105.963790 900.125000 0.000000 327.000000 360.000000 0.000000 0.000000 1.000000 0.000000 327.000000 1.000000
13 -579.797302 128.712768 757.125000 0.000000 276.000000 360.000000 0.000000 0.000000 1.000000 0.000000 276.000000 1.000000
10 -611.347961 320.816131 764.125000 0.000000 456.000000 360.000000 0.000000 0.000000 1.000000 0.000000 456.000000 1.000000
10 -635.756469 240.964675 859.125000 0.000000 438.000000 360.000000 0.000000 0.000000 1.000000 0.000000 438.000000 1.000000
10 -739.122375 324.821929 764.125000 0.000000 328.000000 360.000000 0.000000 0.000000 1.000000 0.000000 328.000000 1.000000
10 -896.503601 305.356079 764.125000 0.000000 236.000000 360.000000 0.000000 0.000000 1.000000 0.000000 236.000000 1.000000
10 -739.501220 130.237091 764.125000 0.000000 371.000000 360.000000 0.000000 0.000000 1.000000 0.000000 371.000000 1.000000
10 -899.366638 134.237030 764.125000 0.000000 506.000000 360.000000 0.000000 0.000000 1.000000 0.000000 506.000000 1.000000
10 -835.562316 281.420806 894.045959 0.000000 390.000000 360.000000 -0.141421 0.000000 0.989949 0.000000 390.000000 1.000000
10 -835.779113 168.354644 894.014953 0.000000 328.000000 360.000000 -0.141421 0.000000 0.989949 0.000000 328.000000 1.000000
10 -438.436431 -183.183959 822.147277 0.000000 303.000000 360.000000 -0.221840 -0.000000 0.975083 -346.845153 72.263023 1.000000
10 -624.924560 31.135219 764.125000 0.000000 488.000000 360.000000 0.000000 0.000000 1.000000 -359.490234 16.631353 1.000000
10 -613.080261 -178.579116 764.125000 0.000000 246.000000 360.000000 0.000000 0.000000 1.000000 -359.469512 323.000000 1.000000
10 -224.995315 348.715850 764.125000 0.000000 428.000000 360.000000 0.000000 0.000000 1.000000 -358.394653 321.947082 1.000000
10 -217.619567 -181.864028 836.125000 0.000000 227.000000 360.000000 0.000000 0.000000 1.000000 -349.953735 115.000000 1.000000
10 -270.811370 41.421726 916.125000 0.000000 192.000000 360.000000 0.000000 0.000000 1.000000 -330.000000 94.160018 1.000000
10 -219.823989 635.443664 836.125000 0.000000 469.000000 360.000000 0.000000 0.000000 1.000000 -348.728454 525.000000 1.000000
10 -164.593307 630.800964 836.125000 0.000000 442.000000 360.000000 0.000000 0.000000 1.000000 0.000000 442.000000 1.000000
10 -267.413024 416.161865 916.125000 0.000000 534.000000 360.000000 0.000000 0.000000 1.000000 -331.933471 300.016052 1.000000
10 -99.600425 624.841857 916.125000 0.000000 454.000000 360.000000 0.000000 0.000000 1.000000 -359.101348 447.000000 1.000000
10 -158.793533 346.404602 916.125000 0.000000 240.000000 360.000000 0.000000 0.000000 1.000000 0.000000 240.000000 1.000000
10 -163.180587 111.196136 916.125000 0.000000 269.000000 360.000000 0.000000 0.000000 1.000000 0.000000 269.000000 1.000000
10 -157.720397 -177.427001 836.125000 0.000000 263.000000 360.000000 0.000000 0.000000 1.000000 0.000000 263.000000 1.000000
9 -53.823554 -44.482833 900.125000 0.000000 296.000000 360.000000 0.000000 0.000000 1.000000 0.000000 296.000000 1.000000
9 -595.707824 253.953430 748.125000 0.000000 431.000000 360.000000 0.000000 0.000000 1.000000 0.000000 431.000000 1.000000
11 -292.067718 638.122009 784.125000 0.000000 424.000000 360.000000 0.000000 0.000000 1.000000 0.000000 424.000000 1.000000
11 -222.198806 95.152877 784.125000 0.000000 285.000000 360.000000 0.000000 0.000000 1.000000 0.000000 285.000000 1.000000
4 1998.417114 36.648815 763.990295 0.000000 212.000000 360.000000 0.447213 0.000000 0.894427 0.000000 212.000000 1.000000
4 2029.084960 36.549957 759.625000 0.000000 215.000000 360.000000 0.000000 0.000000 1.000000 0.000000 215.000000 1.000000
4 1998.001464 -197.597778 765.997619 0.000000 218.000000 360.000000 0.000000 0.447213 0.894427 0.000000 218.000000 1.000000
4 1926.175048 316.849121 759.625000 0.000000 404.000000 360.000000 0.000000 0.000000 1.000000 0.000000 404.000000 1.000000
4 1993.330078 427.860778 766.533874 0.000000 486.000000 360.000000 0.447213 0.000000 0.894427 0.000000 486.000000 1.000000
4 2520.296142 496.607604 746.963806 0.000000 471.000000 360.000000 0.000000 0.334409 0.942427 0.000000 471.000000 1.000000
4 2455.950439 263.410369 831.707153 0.000000 364.000000 360.000000 0.279999 0.000000 0.959999 0.000000 364.000000 1.000000
4 1811.105346 -194.110061 759.625000 0.000000 204.000000 360.000000 0.000000 0.000000 1.000000 0.000000 204.000000 1.000000
3 2012.024536 55.588241 895.625000 0.000000 284.000000 360.000000 0.000000 0.000000 1.000000 0.000000 284.000000 1.000000
4 2534.267578 -20.894317 756.797485 0.000000 257.000000 360.000000 0.000000 -0.334409 0.942427 0.000000 257.000000 1.000000
4 2058.443359 648.018920 767.208251 0.000000 495.000000 360.000000 0.000000 -0.447213 0.894427 0.000000 495.000000 1.000000
4 2352.766113 344.709259 662.269653 0.000000 264.000000 360.000000 0.000000 -0.334409 0.942427 0.000000 264.000000 1.000000
9 123.788276 221.343353 748.125000 0.000000 378.000000 360.000000 0.000000 0.000000 1.000000 0.000000 378.000000 1.000000
4 1494.679443 38.689537 770.845764 0.000000 458.000000 360.000000 0.000000 0.327110 0.944985 0.000000 458.000000 1.000000
4 2024.000000 -8.000000 759.125000 0.000000 0.000000 0.000000 0.000000 0.000000 1.000000 0.000000 0.000000 0.000000
4 2288.701171 220.574279 871.625000 0.000000 359.000000 360.000000 0.000000 0.000000 1.000000 0.000000 359.000000 1.000000
3 2082.326171 609.723144 895.625000 0.000000 425.000000 360.000000 0.000000 0.000000 1.000000 0.000000 425.000000 1.000000
4 2353.577148 70.475837 673.913696 0.000000 458.000000 360.000000 0.000000 0.334409 0.942427 0.000000 458.000000 1.000000
