2 2074.000000 -166.000000 895.125000 0.000000 -90.000000 0.000000 0.000000 0.000000 1.000000 0.000000 -90.000000 0.000000
1 2016.000000 616.000000 895.125000 0.000000 180.000000 0.000000 0.000000 0.000000 1.000000 0.000000 180.000000 0.000000
9 -744.000000 -168.000000 884.125000 0.000000 180.000000 0.000000 0.000000 0.000000 1.000000 0.000000 180.000000 0.000000
9 -752.000000 608.000000 884.125000 0.000000 178.596664 0.000000 0.000000 0.000000 1.000000 0.000000 178.596664 0.000000
4 2024.000000 -8.000000 759.125000 0.000000 0.000000 0.000000 0.000000 0.000000 1.000000 0.000000 0.000000 0.000000
4 2024.000000 440.000000 759.125000 0.000000 0.000000 0.000000 0.000000 0.000000 1.000000 0.000000 0.000000 0.000000
4 2024.000000 624.000000 759.125000 0.000000 0.000000 0.000000 0.000000 0.000000 1.000000 0.000000 0.000000 0.000000
4 1904.000000 120.000000 759.125000 0.000000 0.000000 0.000000 0.000000 0.000000 1.000000 0.000000 0.000000 0.000000
10 -968.000000 264.000000 876.125000 0.000000 0.000000 0.000000 0.000000 0.000000 1.000000 0.000000 0.000000 0.000000
10 -896.000000 -152.000000 764.125000 0.000000 0.000000 0.000000 0.000000 0.000000 1.000000 0.000000 0.000000 0.000000
10 -896.000000 600.000000 764.125000 0.000000 0.000000 0.000000 0.000000 0.000000 1.000000 0.000000 0.000000 0.000000
10 -896.000000 488.000000 764.125000 0.000000 0.000000 0.000000 0.000000 0.000000 1.000000 0.000000 0.000000 0.000000
10 -896.000000 -40.000000 764.125000 0.000000 0.000000 0.000000 0.000000 0.000000 1.000000 0.000000 0.000000 0.000000
12 -887.337890 209.494506 757.625000 0.000000 274.000000 360.000000 0.000000 0.000000 1.000000 0.000000 274.000000 1.000000
14 -807.714477 227.644348 751.625000 0.000000 281.000000 360.000000 0.000000 0.000000 1.000000 0.000000 281.000000 1.000000
10 -968.000000 184.000000 876.125000 0.000000 0.000000 0.000000 0.000000 0.000000 1.000000 0.000000 0.000000 0.000000
4 2536.000000 -112.000000 727.125000 0.000000 0.000000 0.000000 0.000000 0.000000 1.000000 0.000000 0.000000 0.000000
1 1904.000000 368.000000 759.125000 0.000000 180.000000 0.000000 0.000000 0.000000 1.000000 0.000000 180.000000 0.000000
4 2040.000000 -24.000000 895.125000 0.000000 0.000000 0.000000 0.000000 0.000000 1.000000 0.000000 0.000000 0.000000
4 2536.000000 560.000000 727.125000 0.000000 0.000000 0.000000 0.000000 0.000000 1.000000 0.000000 0.000000 0.000000
4 2000.000000 432.000000 895.125000 0.000000 0.000000 0.000000 0.000000 0.000000 1.000000 0.000000 0.000000 0.000000
10 -736.812744 384.222320 900.625000 0.000000 410.000000 360.000000 0.000000 0.000000 1.000000 0.000000 410.000000 1.000000
15 -736.000000 224.000000 895.125000 0.000000 180.000000 0.000000 0.000000 0.000000 1.000000 0.000000 180.000000 0.000000
10 -729.048400 105.963790 900.625000 0.000000 327.000000 360.000000 0.000000 0.000000 1.000000 0.000000 327.000000 1.000000
13 -579.797241 128.712768 757.625000 0.000000 276.000000 360.000000 0.000000 0.000000 1.000000 0.000000 276.000000 1.000000
10 -611.347961 320.816131 764.625000 0.000000 456.000000 360.000000 0.000000 0.000000 1.000000 0.000000 456.000000 1.000000
10 -635.756469 240.964691 859.625000 0.000000 438.000000 360.000000 0.000000 0.000000 1.000000 0.000000 438.000000 1.000000
10 -739.122375 324.821960 764.625000 0.000000 328.000000 360.000000 0.000000 0.000000 1.000000 0.000000 328.000000 1.000000
10 -896.503601 305.356109 764.625000 0.000000 236.000000 360.000000 0.000000 0.000000 1.000000 0.000000 236.000000 1.000000
10 -739.501281 130.237091 764.625000 0.000000 371.000000 360.000000 0.000000 0.000000 1.000000 0.000000 371.000000 1.000000
10 -899.366699 134.237030 764.625000 0.000000 506.000000 360.000000 0.000000 0.000000 1.000000 0.000000 506.000000 1.000000
10 -835.633056 281.420837 894.540954 0.000000 390.000000 360.000000 -0.141421 0.000000 0.989949 0.000000 390.000000 1.000000
10 -835.849914 168.354644 894.510009 0.000000 328.000000 360.000000 -0.141421 0.000000 0.989949 0.000000 328.000000 1.000000
10 -438.547363 -183.183944 822.634826 0.000000 303.000000 360.000000 -0.221840 -0.000000 0.975083 0.000000 303.000000 1.000000
10 -624.924499 31.135219 764.625000 0.000000 488.000000 360.000000 0.000000 0.000000 1.000000 0.000000 488.000000 1.000000
10 -613.080261 -178.579101 764.625000 0.000000 246.000000 360.000000 0.000000 0.000000 1.000000 0.000000 246.000000 1.000000
10 -224.995315 348.715820 764.625000 0.000000 428.000000 360.000000 0.000000 0.000000 1.000000 0.000000 428.000000 1.000000
10 -217.619567 -181.864028 836.625000 0.000000 227.000000 360.000000 0.000000 0.000000 1.000000 0.000000 227.000000 1.000000
10 -270.811370 41.421722 916.625000 0.000000 192.000000 360.000000 0.000000 0.000000 1.000000 0.000000 192.000000 1.000000
10 -219.823974 635.443725 836.625000 0.000000 469.000000 360.000000 0.000000 0.000000 1.000000 0.000000 469.000000 1.000000
10 -164.593307 630.801025 836.625000 0.000000 442.000000 360.000000 0.000000 0.000000 1.000000 0.000000 442.000000 1.000000
10 -267.413024 416.161865 916.625000 0.000000 534.000000 360.000000 0.000000 0.000000 1.000000 0.000000 534.000000 1.000000
10 -99.600433 624.841918 916.625000 0.000000 454.000000 360.000000 0.000000 0.000000 1.000000 0.000000 454.000000 1.000000
10 -158.793518 346.404602 916.625000 0.000000 240.000000 360.000000 0.000000 0.000000 1.000000 0.000000 240.000000 1.000000
10 -163.180587 111.196144 916.625000 0.000000 269.000000 360.000000 0.000000 0.000000 1.000000 0.000000 269.000000 1.000000
10 -157.720397 -177.427001 836.625000 0.000000 263.000000 360.000000 0.000000 0.000000 1.000000 0.000000 263.000000 1.000000
9 -53.823558 -44.482830 900.625000 0.000000 296.000000 360.000000 0.000000 0.000000 1.000000 0.000000 296.000000 1.000000
9 123.788276 221.343353 748.625000 0.000000 378.000000 360.000000 0.000000 0.000000 1.000000 0.000000 378.000000 1.000000
9 -595.707824 253.953430 748.625000 0.000000 431.000000 360.000000 0.000000 0.000000 1.000000 0.000000 431.000000 1.000000
11 -292.067749 638.122009 784.625000 0.000000 424.000000 360.000000 0.000000 0.000000 1.000000 0.000000 424.000000 1.000000
11 -222.198822 95.152877 784.625000 0.000000 285.000000 360.000000 0.000000 0.000000 1.000000 0.000000 285.000000 1.000000
9 182.524459 -100.883987 800.568420 0.000000 247.000000 360.000000 0.000000 0.000000 1.000000 0.000000 247.000000 1.000000
